Compound: TPCN05962
SMILES:   CC1OC(OC2C(OC(=O)C34CCC(C)(C)CC3C%11=CCC5C6(C)CC(O)C(OC7OC(CO)C(O)C(OC8OC(CO)C(O)C(O)C8O)C7O)C(C)(C(=O)O)C6CCC5(C)C%11(C)CC4)OCC(O)C2O)C(O)C(OC%10OCC(O)C(O)C%10O)C1OC9OCC(O)C(O)C9O

All beads
--------------------------------------------------------------------------------
index    bead_type  atoms_idx            atoms_elem           #conns       mass     x        y        z       
0        TC4        0,1                  C,C                  2            36.0     -0.8192  -0.0893  0.2200  
1        TN4a       2,3                  O,C                  3            36.0     -0.7928  -0.1581  -0.0922 
2        TN6        4,5                  O,C                  3            36.0     -0.5983  -0.1647  -0.1942 
3        SN4a       6,65,66              C,O,C                3            54.0     -0.3369  -0.2411  -0.2444 
4        SN4a       7,8,9                O,C,O                2            54.0     -0.3512  0.0195   -0.0837 
5        SC5        10,16,17             C,C,C                5            54.0     -0.1092  -0.1353  0.0778  
6        TC3        11,12                C,C                  2            36.0     -0.3393  -0.0253  0.2221  
7        SC4        13,14,15             C,C,C                2            54.0     -0.2214  -0.2734  0.3172  
8        SC4        18,61,62             C,C,C                4            54.0     0.1052   0.0385   0.2026  
9        TC3        19,20                C,C                  2            36.0     0.1667   -0.0466  -0.1675 
10       SC4        21,59,60             C,C,C                4            54.0     0.2242   0.2280   -0.0720 
11       SC4        22,23,56             C,C,C                4            54.0     0.3816   -0.1072  0.0867  
12       SN6        24,25,26             C,C,O                2            54.0     0.6306   -0.1143  -0.0975 
13       TN6        27,28                C,O                  3            36.0     0.7614   -0.0140  0.0725  
14       SN4a       29,30,31             C,O,C                4            54.0     1.0529   -0.0015  0.1729  
15       TP1        32,33                C,O                  1            36.0     1.2856   -0.0030  0.3860  
16       TN6        34,35                C,O                  2            36.0     1.2038   0.2051   0.1656  
17       TN6        36,37                C,O                  3            36.0     1.1602   0.1386   -0.0420 
18       SN4a       38,39,40             C,O,C                4            54.0     1.3277   0.1343   -0.3000 
19       TP1        41,42                C,O                  1            36.0     1.4989   -0.0637  -0.4426 
20       TN6        43,44                C,O                  2            36.0     1.6006   0.0962   -0.1690 
21       TN6        45,46                C,O                  2            36.0     1.5221   0.3202   -0.1183 
22       TN6        47,48                C,O                  2            36.0     1.2894   0.3534   -0.1754 
23       TN6        49,50                C,O                  2            36.0     0.9983   0.0034   -0.0924 
24       TC4        51,52                C,C                  3            36.0     0.6780   0.0728   0.2978  
25       SP2        53,54,55             C,O,O                1            54.0     0.6157   -0.2259  0.2936  
26       TC3        57,58                C,C                  2            36.0     0.4075   0.2532   0.1425  
27       TC3        63,64                C,C                  2            36.0     -0.0962  0.2295   0.0893  
28       TN6        67,68                C,O                  2            36.0     -0.4283  -0.4967  -0.1927 
29       TN6        69,70                C,O                  2            36.0     -0.5905  -0.3658  -0.0631 
30       TN6        71,72                C,O                  2            36.0     -0.8043  0.0474   -0.2212 
31       TC3        73,84                C,C                  4            36.0     -0.9841  0.0222   -0.0067 
32       TN6        74,75                O,C                  3            36.0     -1.0789  0.1161   -0.2203 
33       TN4a       76,77                O,C                  2            36.0     -1.3267  0.1109   -0.3090 
34       TN6        78,79                C,O                  2            36.0     -1.3717  0.2691   -0.4694 
35       TN6        80,81                C,O                  2            36.0     -1.1425  0.3316   -0.4914 
36       TN6        82,83                C,O                  2            36.0     -1.0763  0.3272   -0.2813 
37       TN6        85,86                O,C                  3            36.0     -1.1445  0.0283   0.1343  
38       TN4a       87,88                O,C                  2            36.0     -1.3002  -0.1151  -0.0172 
39       TN6        89,90                C,O                  2            36.0     -1.4689  -0.2288  0.1264  
40       TN6        91,92                C,O                  2            36.0     -1.2901  -0.2160  0.3028  
41       TN6        93,94                C,O                  2            36.0     -1.3090  0.0305   0.2840  

Bead connections
--------------------------------------------------------------------------------
index    to_idx   bond    
0        1        1.0     
0        31       1.0     
1        2        1.0     
1        30       1.0     
2        3        1.0     
2        29       1.0     
3        4        1.0     
3        28       1.0     
4        5        1.0     
5        6        1.0     
5        7        1.0     
5        8        1.0     
5        27       1.0     
6        7        1.0     
8        9        2.0     
8        10       1.0     
8        27       1.0     
9        10       1.0     
10       11       1.0     
10       26       1.0     
11       12       1.0     
11       24       1.0     
11       26       1.0     
12       13       1.0     
13       14       1.0     
13       24       1.0     
14       15       1.0     
14       16       1.0     
14       23       1.0     
16       17       1.0     
17       18       1.0     
17       23       1.0     
18       19       1.0     
18       20       1.0     
18       22       1.0     
20       21       1.0     
21       22       1.0     
24       25       1.0     
28       29       1.0     
30       31       1.0     
31       32       1.0     
31       37       1.0     
32       33       1.0     
32       36       1.0     
33       34       1.0     
34       35       1.0     
35       36       1.0     
37       38       1.0     
37       41       1.0     
38       39       1.0     
39       40       1.0     
40       41       1.0     