Compound: TPCN04574
SMILES:   CC1OC(OC2C(OC3C(OC4CCC5(C)C(CCC6(C)C5CC=C%10C7CC(C)(C)C(O)C(OC8OCC(O)C(OC9OC(CO)C(O)C(O)C9O)C8O)C7(C)CCC%106C)C4(C)CO)OC(C(=O)O)C(O)C3O)OCC(O)C2O)C(O)C(O)C1O

All beads
--------------------------------------------------------------------------------
index    bead_type  atoms_idx            atoms_elem           #conns       mass     x        y        z       
0        TC4        0,1                  C,C                  2            36.0     -1.2177  0.0583   0.4144  
1        TN4a       2,3                  O,C                  3            36.0     -1.1859  -0.0883  0.1512  
2        TN6        4,5                  O,C                  3            36.0     -1.0273  -0.1412  0.0468  
3        TN6        6,7                  C,O                  3            36.0     -0.8355  -0.0814  -0.0119 
4        SN6        8,71,72              C,C,O                3            54.0     -0.8676  0.1756   -0.0840 
5        TN6        9,10                 C,O                  3            36.0     -0.5862  0.0862   -0.1311 
6        SC3        11,12,13             C,C,C                3            54.0     -0.3067  0.1215   -0.0382 
7        SC4        14,15,16             C,C,C                4            54.0     -0.1226  0.0198   -0.2260 
8        TC3        17,18                C,C                  2            36.0     -0.0975  -0.1408  0.1162  
9        SC4        19,20,21             C,C,C                4            54.0     0.1251   -0.1176  -0.0545 
10       TC3        22,23                C,C                  2            36.0     0.1607   0.2253   -0.0718 
11       SC4        24,58,59             C,C,C                4            54.0     0.1733   0.1027   0.2083  
12       SC4        25,26,54,55          C,C,C,C              4            54.0     0.4919   0.1159   0.1126  
13       SC4        27,28,29             C,C,C                2            54.0     0.6979   -0.0863  -0.1247 
14       TN6        30,31                C,O                  2            36.0     0.6901   -0.1838  0.1263  
15       TN6        32,33                C,O                  3            36.0     0.6982   0.0369   0.2217  
16       SN4a       34,35,36             C,O,C                3            54.0     0.9101   0.2956   0.2867  
17       TN6        37,38                C,O                  2            36.0     1.1215   0.3369   0.1103  
18       TN6        39,40                C,O                  3            36.0     1.0679   0.1015   0.1080  
19       SN4a       41,42,43             C,O,C                4            54.0     1.2810   -0.0487  0.0355  
20       TP1        44,45                C,O                  1            36.0     1.5998   -0.1213  0.0644  
21       TN6        46,47                C,O                  2            36.0     1.4635   -0.0283  -0.2101 
22       TN6        48,49                C,O                  2            36.0     1.2615   -0.0817  -0.2830 
23       TN6        50,51                C,O                  2            36.0     1.1574   0.0962   -0.1442 
24       TN6        52,53                C,O                  2            36.0     0.9730   0.0183   0.3116  
25       TC3        56,57                C,C                  2            36.0     0.3577   -0.0837  0.2715  
26       TC4        60,61                C,C                  3            36.0     -0.3340  -0.1588  -0.2861 
27       TP1        62,63                C,O                  1            36.0     -0.4362  -0.2848  -0.0601 
28       TN4a       64,65                O,C                  3            36.0     -0.7331  0.0655   -0.3476 
29       SP2        66,67,68             C,O,O                1            54.0     -0.6410  0.1915   -0.5544 
30       TN6        69,70                C,O                  2            36.0     -0.8570  0.2622   -0.3352 
31       TN4a       73,74                O,C                  2            36.0     -0.8072  -0.3584  -0.0445 
32       TN6        75,76                C,O                  2            36.0     -0.9691  -0.3725  -0.2345 
33       TN6        77,78                C,O                  2            36.0     -1.1166  -0.2324  -0.1601 
34       TN6        79,80                C,O                  2            36.0     -1.3018  0.1026   0.0206  
35       TN6        81,82                C,O                  2            36.0     -1.4862  0.0468   0.1331  
36       TN6        83,84                C,O                  2            36.0     -1.4541  -0.0756  0.3336  

Bead connections
--------------------------------------------------------------------------------
index    to_idx   bond    
0        1        1.0     
0        36       1.0     
1        2        1.0     
1        34       1.0     
2        3        1.0     
2        33       1.0     
3        4        1.0     
3        31       1.0     
4        5        1.0     
4        30       1.0     
5        6        1.0     
5        28       1.0     
6        7        1.0     
6        26       1.0     
7        8        1.0     
7        9        1.0     
7        26       1.0     
8        9        1.0     
9        10       1.0     
9        11       1.0     
10       11       2.0     
11       12       1.0     
11       25       1.0     
12       13       1.0     
12       15       1.0     
12       25       1.0     
13       14       1.0     
14       15       1.0     
15       16       1.0     
16       17       1.0     
16       24       1.0     
17       18       1.0     
18       19       1.0     
18       24       1.0     
19       20       1.0     
19       21       1.0     
19       23       1.0     
21       22       1.0     
22       23       1.0     
26       27       1.0     
28       29       1.0     
28       30       1.0     
31       32       1.0     
32       33       1.0     
34       35       1.0     
35       36       1.0     