Compound: TPCN04883
SMILES:   CC1OC(OC2C(OC(=O)C34CCC(C)(C)CC3C%10=CCC5C6(C)CC(O)C(OC7OC(CO)C(O)C(O)C7O)C(CO)(C(=O)O)C6CCC5(C)C%10(C)CC4O)OCC(O)C2O)C(O)C(O)C1OC8OCC(O)C(OC9OCC(O)(CO)C9O)C8O

All beads
--------------------------------------------------------------------------------
index    bead_type  atoms_idx            atoms_elem           #conns       mass     x        y        z       
0        TC4        0,1                  C,C                  2            36.0     0.8077   0.1480   0.1631  
1        TN4a       2,3                  O,C                  3            36.0     0.6015   0.0259   0.0757  
2        TN6        4,5                  O,C                  3            36.0     0.4675   -0.0292  0.2032  
3        SN4a       6,56,57              C,O,C                3            54.0     0.2970   0.0326   0.3941  
4        SN4a       7,8,9                O,C,O                2            54.0     0.1091   0.0097   0.1366  
5        SC5        10,16,17             C,C,C                5            54.0     -0.1361  -0.0778  0.2377  
6        TC3        11,12                C,C                  2            36.0     0.0524   -0.3031  0.1812  
7        SC4        13,14,15             C,C,C                2            54.0     -0.1268  -0.3261  0.4118  
8        SC4        18,51,52             C,C,C                4            54.0     -0.3029  -0.2473  -0.0801 
9        TC3        19,20                C,C                  2            36.0     -0.4971  -0.2007  0.1548  
10       SC4        21,49,50             C,C,C                4            54.0     -0.4559  0.0615   -0.0890 
11       SC4        22,23,46             C,C,C                4            54.0     -0.7780  -0.0655  0.0648  
12       SN6        24,25,26             C,C,O                2            54.0     -0.8225  0.2270   -0.0101 
13       SN6        27,28,40             C,O,C                5            54.0     -1.0012  0.0587   -0.0911 
14       SN4a       29,30,31             C,O,C                4            54.0     -1.2425  0.2434   -0.0678 
15       TP1        32,33                C,O                  1            36.0     -1.2878  0.5623   -0.0038 
16       TN6        34,35                C,O                  2            36.0     -1.4811  0.3399   -0.0262 
17       TN6        36,37                C,O                  2            36.0     -1.5150  0.1138   -0.1098 
18       TN6        38,39                C,O                  2            36.0     -1.3267  0.0997   -0.2616 
19       TP1        41,42                C,O                  1            36.0     -1.0385  -0.2031  -0.1138 
20       SP2        43,44,45             C,O,O                1            54.0     -0.9416  0.0037   -0.3915 
21       TC3        47,48                C,C                  2            36.0     -0.5997  -0.1108  -0.2596 
22       SN6        53,54,55             C,C,O                2            54.0     -0.0765  -0.0667  -0.1435 
23       TN6        58,59                C,O                  2            36.0     0.4690   -0.1600  0.5258  
24       TN6        60,61                C,O                  2            36.0     0.4950   -0.2284  0.2927  
25       TN6        62,63                C,O                  2            36.0     0.5445   -0.0704  -0.1581 
26       SN6        64,65,66             C,O,C                3            54.0     0.7837   0.0046   -0.1457 
27       TN6        67,68                O,C                  3            36.0     0.9304   0.1827   -0.1821 
28       TN4a       69,70                O,C                  2            36.0     1.0139   0.1618   -0.4344 
29       TN6        71,72                C,O                  2            36.0     1.2627   0.1945   -0.4408 
30       TN6        73,74                C,O                  3            36.0     1.2529   0.1880   -0.2272 
31       SN4a       75,76,77             C,O,C                3            54.0     1.3317   -0.0017  0.0406  
32       TN6        78,79                C,O                  3            36.0     1.4312   -0.2200  -0.0463 
33       TP1        80,81                C,O                  1            36.0     1.6414   -0.1670  0.0191  
34       TN6        82,83                C,O                  2            36.0     1.5032   0.0473   -0.1675 
35       TN6        84,85                C,O                  2            36.0     1.0809   0.3213   -0.1166 

Bead connections
--------------------------------------------------------------------------------
index    to_idx   bond    
0        1        1.0     
0        26       1.0     
1        2        1.0     
1        25       1.0     
2        3        1.0     
2        24       1.0     
3        4        1.0     
3        23       1.0     
4        5        1.0     
5        6        1.0     
5        7        1.0     
5        8        1.0     
5        22       1.0     
6        7        1.0     
8        9        2.0     
8        10       1.0     
8        22       1.0     
9        10       1.0     
10       11       1.0     
10       21       1.0     
11       12       1.0     
11       13       1.0     
11       21       1.0     
12       13       1.0     
13       14       1.0     
13       19       1.0     
13       20       1.0     
14       15       1.0     
14       16       1.0     
14       18       1.0     
16       17       1.0     
17       18       1.0     
23       24       1.0     
25       26       1.0     
26       27       1.0     
27       28       1.0     
27       35       1.0     
28       29       1.0     
29       30       1.0     
30       31       1.0     
30       35       1.0     
31       32       1.0     
31       34       1.0     
32       33       1.0     
32       34       1.0     