Compound: TPCN05176
SMILES:   CC1OC(OC2C(OC3COC(OC4CCC5(C)C(CCC6(C)C5CCC97OCC8(CCC(C)(C=O)CC89)C(=O)CC67C)C4(C)C)C(O)C3O)OC(CO)C(O)C2O)C(O)C(O)C1O

All beads
--------------------------------------------------------------------------------
index    bead_type  atoms_idx            atoms_elem           #conns       mass     x        y        z       
0        TC4        0,1                  C,C                  2            36.0     -0.9902  -0.1549  -0.0762 
1        TN4a       2,3                  O,C                  3            36.0     -0.7630  0.0561   0.0093  
2        TN6        4,5                  O,C                  3            36.0     -0.6426  -0.0217  0.1688  
3        TN6        6,7                  C,O                  3            36.0     -0.5839  -0.2066  0.0633  
4        SN6        8,48,49              C,C,O                3            54.0     -0.3845  -0.2936  -0.0520 
5        TN4a       9,10                 C,O                  2            36.0     -0.2440  -0.1441  0.1243  
6        TN6        11,12                C,O                  3            36.0     -0.1346  -0.0786  -0.1105 
7        SC3        13,14,15             C,C,C                3            54.0     0.1644   0.0079   -0.0244 
8        SC4        16,17,18             C,C,C                4            54.0     0.2722   -0.0000  -0.3052 
9        TC3        19,20                C,C                  2            36.0     0.2857   0.3172   -0.1011 
10       SC4        21,22,23             C,C,C                4            54.0     0.4958   0.2717   -0.2757 
11       TC3        24,25                C,C                  2            36.0     0.6516   0.0033   -0.2241 
12       SC4        26,41,42             C,C,C                5            54.0     0.6955   0.3403   -0.0692 
13       TN2a       27                   O                    2            36.0     0.8620   0.1872   -0.0737 
14       SC3        28,29,37             C,C,C                5            54.0     0.8370   0.1239   0.0817  
15       TC3        30,31                C,C                  2            36.0     0.9138   -0.0129  0.2878  
16       SC4        32,33,36             C,C,C                3            54.0     0.7746   -0.1897  0.1284  
17       TN4a       34,35                C,O                  1            36.0     0.9763   -0.3217  0.1072  
18       SN6a       38,39,40             C,O,C                2            54.0     0.6073   0.2559   0.1650  
19       SC4        43,44,45             C,C,C                2            54.0     -0.0201  0.1445   -0.3112 
20       TN6        46,47                C,O                  2            36.0     -0.2563  -0.2016  -0.2341 
21       TN4a       50,51                O,C                  3            36.0     -0.7716  -0.2692  0.2289  
22       TP1        52,53                C,O                  1            36.0     -0.8168  -0.4642  0.3509  
23       TN6        54,55                C,O                  2            36.0     -0.6550  -0.2496  0.4333  
24       TN6        56,57                C,O                  2            36.0     -0.5364  -0.0508  0.3627  
25       TN6        58,59                C,O                  2            36.0     -0.8355  0.2519   0.0842  
26       TN6        60,61                C,O                  2            36.0     -1.0311  0.2635   -0.0017 
27       TN6        62,63                C,O                  2            36.0     -1.1460  0.0537   0.0060  

Bead connections
--------------------------------------------------------------------------------
index    to_idx   bond    
0        1        1.0     
0        27       1.0     
1        2        1.0     
1        25       1.0     
2        3        1.0     
2        24       1.0     
3        4        1.0     
3        21       1.0     
4        5        1.0     
4        20       1.0     
5        6        1.0     
6        7        1.0     
6        20       1.0     
7        8        1.0     
7        19       1.0     
8        9        1.0     
8        10       1.0     
8        19       1.0     
9        10       1.0     
10       11       1.0     
10       12       1.0     
11       12       1.0     
12       13       1.0     
12       14       1.0     
12       18       1.0     
13       14       1.0     
14       15       1.0     
14       16       1.0     
14       18       1.0     
15       16       1.0     
16       17       1.0     
21       22       1.0     
21       23       1.0     
23       24       1.0     
25       26       1.0     
26       27       1.0     