Compound: TPCN04885
SMILES:   CC(=O)NC1C(OC2CCC3(C)C(CCC4(C)C3CC=C9C5CC(C)(C)CCC5(C(=O)OC%11OC(COC(C)=O)C(OC6OCC(O)C(O)C6OC(=O)C=Cc%13ccccc%13)C(O)C%11OC%12OCC(O)C(OC%14OCC(O)(CO)C%14O)C%12O)C(O)CC94C)C2(C)C)OC(COC7OCC(O)C(OC%10OCC(O)C(O)C%10O)C7O)C(OC8OC(CO)C(O)C(O)C8O)C1O

All beads
--------------------------------------------------------------------------------
index    bead_type  atoms_idx            atoms_elem           #conns       mass     x        y        z       
0        SP3        0,1,2,3              C,C,O,N              1            54.0     0.0000   0.0000   0.0000  
1        SN6        4,126,127            C,C,O                3            54.0     0.0000   0.0000   0.0000  
2        TN6        5,6                  C,O                  3            36.0     0.0000   0.0000   0.0000  
3        SC3        7,8,9                C,C,C                3            54.0     0.0000   0.0000   0.0000  
4        SC4        10,11,12             C,C,C                4            54.0     0.0000   0.0000   0.0000  
5        TC3        13,14                C,C                  2            36.0     0.0000   0.0000   0.0000  
6        SC4        15,16,17             C,C,C                4            54.0     0.0000   0.0000   0.0000  
7        TC3        18,19                C,C                  2            36.0     0.0000   0.0000   0.0000  
8        SC4        20,86,87             C,C,C                4            54.0     0.0000   0.0000   0.0000  
9        SC5        21,22,28             C,C,C                5            54.0     0.0000   0.0000   0.0000  
10       SC4        23,24,25             C,C,C                2            54.0     0.0000   0.0000   0.0000  
11       TC3        26,27                C,C                  2            36.0     0.0000   0.0000   0.0000  
12       SN4a       29,30,31             C,O,O                2            54.0     0.0000   0.0000   0.0000  
13       TN4a       32,33                C,O                  3            36.0     0.0000   0.0000   0.0000  
14       TC3        34,40                C,C                  4            36.0     0.0000   0.0000   0.0000  
15       N4a        35,36,37,38,39       C,O,C,C,O            1            72.0     0.0000   0.0000   0.0000  
16       TN6        41,42                O,C                  3            36.0     0.0000   0.0000   0.0000  
17       TN4a       43,44                O,C                  2            36.0     0.0000   0.0000   0.0000  
18       TN6        45,46                C,O                  2            36.0     0.0000   0.0000   0.0000  
19       SN6        47,48,49             C,O,C                3            54.0     0.0000   0.0000   0.0000  
20       N4a        50,51,52,53,54       O,C,O,C,C            2            72.0     0.0000   0.0000   0.0000  
21       TC5        55,56                c,c                  3            36.0     0.0000   0.0000   0.0000  
22       TC5        57,58                c,c                  2            36.0     0.0000   0.0000   0.0000  
23       TC5        59,60                c,c                  2            36.0     0.0000   0.0000   0.0000  
24       TN6        61,62                C,O                  2            36.0     0.0000   0.0000   0.0000  
25       TN6        63,64                C,O                  3            36.0     0.0000   0.0000   0.0000  
26       SN4a       65,66,67             C,O,C                3            54.0     0.0000   0.0000   0.0000  
27       TN6        68,69                C,O                  2            36.0     0.0000   0.0000   0.0000  
28       TN6        70,71                C,O                  3            36.0     0.0000   0.0000   0.0000  
29       SN4a       72,73,74             C,O,C                3            54.0     0.0000   0.0000   0.0000  
30       TN6        75,76                C,O                  3            36.0     0.0000   0.0000   0.0000  
31       TP1        77,78                C,O                  1            36.0     0.0000   0.0000   0.0000  
32       TN6        79,80                C,O                  2            36.0     0.0000   0.0000   0.0000  
33       TN6        81,82                C,O                  2            36.0     0.0000   0.0000   0.0000  
34       SN6        83,84,85             C,O,C                2            54.0     0.0000   0.0000   0.0000  
35       SC4        88,89,90             C,C,C                2            54.0     0.0000   0.0000   0.0000  
36       TN4a       91,92                O,C                  3            36.0     0.0000   0.0000   0.0000  
37       TN3r       93,94                C,O                  2            36.0     0.0000   0.0000   0.0000  
38       SN4a       95,96,97             C,O,C                3            54.0     0.0000   0.0000   0.0000  
39       TN6        98,99                C,O                  2            36.0     0.0000   0.0000   0.0000  
40       TN6        100,101              C,O                  3            36.0     0.0000   0.0000   0.0000  
41       SN4a       102,103,104          C,O,C                3            54.0     0.0000   0.0000   0.0000  
42       TN6        105,106              C,O                  2            36.0     0.0000   0.0000   0.0000  
43       TN6        107,108              C,O                  2            36.0     0.0000   0.0000   0.0000  
44       TN6        109,110              C,O                  2            36.0     0.0000   0.0000   0.0000  
45       TN6        111,112              C,O                  2            36.0     0.0000   0.0000   0.0000  
46       TN6        113,114              C,O                  3            36.0     0.0000   0.0000   0.0000  
47       SN4a       115,116,117          C,O,C                4            54.0     0.0000   0.0000   0.0000  
48       TP1        118,119              C,O                  1            36.0     0.0000   0.0000   0.0000  
49       TN6        120,121              C,O                  2            36.0     0.0000   0.0000   0.0000  
50       TN6        122,123              C,O                  2            36.0     0.0000   0.0000   0.0000  
51       TN6        124,125              C,O                  2            36.0     0.0000   0.0000   0.0000  

Bead connections
--------------------------------------------------------------------------------
index    to_idx   bond    
0        1        1.0     
1        2        1.0     
1        46       1.0     
2        3        1.0     
2        36       1.0     
3        4        1.0     
3        35       1.0     
4        5        1.0     
4        6        1.0     
4        35       1.0     
5        6        1.0     
6        7        1.0     
6        8        1.0     
7        8        2.0     
8        9        1.0     
8        34       1.0     
9        10       1.0     
9        11       1.0     
9        12       1.0     
9        34       1.0     
10       11       1.0     
12       13       1.0     
13       14       1.0     
13       25       1.0     
14       15       1.0     
14       16       1.0     
14       24       1.0     
16       17       1.0     
16       19       1.0     
17       18       1.0     
18       19       1.0     
19       20       1.0     
20       21       1.0     
21       22       1.5     
21       23       1.5     
22       23       1.5     
24       25       1.0     
25       26       1.0     
26       27       1.0     
26       33       1.0     
27       28       1.0     
28       29       1.0     
28       33       1.0     
29       30       1.0     
29       32       1.0     
30       31       1.0     
30       32       1.0     
36       37       1.0     
36       46       1.0     
37       38       1.0     
38       39       1.0     
38       45       1.0     
39       40       1.0     
40       41       1.0     
40       45       1.0     
41       42       1.0     
41       44       1.0     
42       43       1.0     
43       44       1.0     
46       47       1.0     
47       48       1.0     
47       49       1.0     
47       51       1.0     
49       50       1.0     
50       51       1.0     