Compound: TPCN04585
SMILES:   CC1OC(OC2C(OC3C(OC4CCC5(C)C(CCC6(C)C5CC=C%10C7CC(C)(C)C(O)C(OC8OCC(O)C(OC9OC(CO)C(O)C(O)C9O)C8O)C7(C)CCC%106C)C4(C)CO)OC(C(=O)O)C(O)C3O)OC(CO)C(O)C2O)C(O)C(O)C1O

All beads
--------------------------------------------------------------------------------
index    bead_type  atoms_idx            atoms_elem           #conns       mass     x        y        z       
0        TC4        0,1                  C,C                  2            36.0     1.1929   0.0725   -0.2248 
1        TN4a       2,3                  O,C                  3            36.0     1.0865   -0.1618  -0.0588 
2        TN6        4,5                  O,C                  3            36.0     0.9703   -0.2085  0.1115  
3        TN6        6,7                  C,O                  3            36.0     0.7831   -0.1126  0.1219  
4        SN6        8,71,72              C,C,O                3            54.0     0.7591   0.0046   -0.1389 
5        TN6        9,10                 C,O                  3            36.0     0.5365   0.0208   0.0624  
6        SC3        11,12,13             C,C,C                3            54.0     0.2499   0.1663   -0.0355 
7        SC4        14,15,16             C,C,C                4            54.0     0.0549   0.0961   0.0967  
8        TC3        17,18                C,C                  2            36.0     -0.0882  -0.1577  0.1211  
9        SC4        19,20,21             C,C,C                4            54.0     -0.1316  -0.0534  -0.1281 
10       TC3        22,23                C,C                  2            36.0     -0.1744  0.1976   -0.2282 
11       SC4        24,58,59             C,C,C                4            54.0     -0.4002  0.0576   -0.0070 
12       SC4        25,26,54,55          C,C,C,C              4            54.0     -0.4930  -0.0155  -0.3671 
13       SC4        27,28,29             C,C,C                2            54.0     -0.6930  0.2281   -0.5094 
14       TN6        30,31                C,O                  2            36.0     -0.7843  0.0018   -0.5045 
15       TN6        32,33                C,O                  3            36.0     -0.7478  -0.0821  -0.3025 
16       SN4a       34,35,36             C,O,C                3            54.0     -1.0055  0.0886   -0.2141 
17       TN6        37,38                C,O                  2            36.0     -0.9391  0.2242   -0.0007 
18       TN6        39,40                C,O                  3            36.0     -0.9289  0.0222   0.0705  
19       SN4a       41,42,43             C,O,C                4            54.0     -0.9809  -0.1029  0.2675  
20       TP1        44,45                C,O                  1            36.0     -1.0017  -0.3066  0.4825  
21       TN6        46,47                C,O                  2            36.0     -1.2503  -0.2022  0.2664  
22       TN6        48,49                C,O                  2            36.0     -1.2644  0.0238   0.3462  
23       TN6        50,51                C,O                  2            36.0     -1.0638  0.1220   0.4227  
24       TN6        52,53                C,O                  2            36.0     -0.9600  -0.1643  -0.0742 
25       TC3        56,57                C,C                  2            36.0     -0.4963  -0.1844  -0.0985 
26       TC4        60,61                C,C                  3            36.0     0.3025   -0.1850  -0.0117 
27       TP1        62,63                C,O                  1            36.0     0.2682   -0.1110  0.2806  
28       TN4a       64,65                O,C                  3            36.0     0.5819   0.2634   0.0052  
29       SP2        66,67,68             C,O,O                1            54.0     0.8084   0.3778   0.0469  
30       TN6        69,70                C,O                  2            36.0     0.6346   0.2447   -0.2261 
31       TN4a       73,74                O,C                  3            36.0     0.8778   -0.0300  0.3144  
32       TP1        75,76                C,O                  1            36.0     0.8263   0.0540   0.5328  
33       TN6        77,78                C,O                  2            36.0     1.0181   -0.1915  0.4633  
34       TN6        79,80                C,O                  2            36.0     0.9568   -0.3528  0.3001  
35       TN6        81,82                C,O                  2            36.0     1.2888   -0.2390  0.0161  
36       TN6        83,84                C,O                  2            36.0     1.3966   0.0005   0.0599  
37       TN6        85,86                C,O                  2            36.0     1.2228   0.1728   0.0194  

Bead connections
--------------------------------------------------------------------------------
index    to_idx   bond    
0        1        1.0     
0        37       1.0     
1        2        1.0     
1        35       1.0     
2        3        1.0     
2        34       1.0     
3        4        1.0     
3        31       1.0     
4        5        1.0     
4        30       1.0     
5        6        1.0     
5        28       1.0     
6        7        1.0     
6        26       1.0     
7        8        1.0     
7        9        1.0     
7        26       1.0     
8        9        1.0     
9        10       1.0     
9        11       1.0     
10       11       2.0     
11       12       1.0     
11       25       1.0     
12       13       1.0     
12       15       1.0     
12       25       1.0     
13       14       1.0     
14       15       1.0     
15       16       1.0     
16       17       1.0     
16       24       1.0     
17       18       1.0     
18       19       1.0     
18       24       1.0     
19       20       1.0     
19       21       1.0     
19       23       1.0     
21       22       1.0     
22       23       1.0     
26       27       1.0     
28       29       1.0     
28       30       1.0     
31       32       1.0     
31       33       1.0     
33       34       1.0     
35       36       1.0     
36       37       1.0     