Compound: TPCN05521
SMILES:   CC(=O)OC1C(C)OC(OC2C(C)OC(OC(=O)C34CCC(C)(C)CC3C9=CCC5C6(C)CCC(OC7OC(C(=O)O)C(O)C(OC8OCC(O)C(O)C8O)C7OC%13OC(CO)C(O)C(O)C%13O)C(C)(C=O)C6CCC5(C)C9(C)CC4)C(OC%10OC(C)C(OC%11OCC(O)C(OC%12OCC(O)C(O)C%12O)C%11O)C(O)C%10O)C2O)C(O)C1OC(C)=O

All beads
--------------------------------------------------------------------------------
index    bead_type  atoms_idx            atoms_elem           #conns       mass     x        y        z       
0        SN4a       0,1,2,3              C,C,O,O              1            54.0     0.0000   0.0000   0.0000  
1        TC3        4,115                C,C                  4            36.0     0.0000   0.0000   0.0000  
2        TC4        5,6                  C,C                  2            36.0     0.0000   0.0000   0.0000  
3        TN4a       7,8                  O,C                  3            36.0     0.0000   0.0000   0.0000  
4        TN6        9,10                 O,C                  3            36.0     0.0000   0.0000   0.0000  
5        TC4        11,12                C,C                  2            36.0     0.0000   0.0000   0.0000  
6        TN4a       13,14                O,C                  3            36.0     0.0000   0.0000   0.0000  
7        SN4a       15,16,17             O,C,O                2            54.0     0.0000   0.0000   0.0000  
8        SC5        18,24,25             C,C,C                5            54.0     0.0000   0.0000   0.0000  
9        TC3        19,20                C,C                  2            36.0     0.0000   0.0000   0.0000  
10       SC4        21,22,23             C,C,C                2            54.0     0.0000   0.0000   0.0000  
11       SC4        26,77,78             C,C,C                4            54.0     0.0000   0.0000   0.0000  
12       TC3        27,28                C,C                  2            36.0     0.0000   0.0000   0.0000  
13       SC4        29,75,76             C,C,C                4            54.0     0.0000   0.0000   0.0000  
14       SC4        30,31,72             C,C,C                4            54.0     0.0000   0.0000   0.0000  
15       TC3        32,33                C,C                  2            36.0     0.0000   0.0000   0.0000  
16       TN6        34,35                C,O                  3            36.0     0.0000   0.0000   0.0000  
17       SN4a       36,37,38             C,O,C                4            54.0     0.0000   0.0000   0.0000  
18       SP2        39,40,41             C,O,O                1            54.0     0.0000   0.0000   0.0000  
19       TN6        42,43                C,O                  2            36.0     0.0000   0.0000   0.0000  
20       TN6        44,45                C,O                  3            36.0     0.0000   0.0000   0.0000  
21       SN4a       46,47,48             C,O,C                3            54.0     0.0000   0.0000   0.0000  
22       TN6        49,50                C,O                  2            36.0     0.0000   0.0000   0.0000  
23       TN6        51,52                C,O                  2            36.0     0.0000   0.0000   0.0000  
24       TN6        53,54                C,O                  2            36.0     0.0000   0.0000   0.0000  
25       TN6        55,56                C,O                  3            36.0     0.0000   0.0000   0.0000  
26       SN4a       57,58,59             C,O,C                4            54.0     0.0000   0.0000   0.0000  
27       TP1        60,61                C,O                  1            36.0     0.0000   0.0000   0.0000  
28       TN6        62,63                C,O                  2            36.0     0.0000   0.0000   0.0000  
29       TN6        64,65                C,O                  2            36.0     0.0000   0.0000   0.0000  
30       TN6        66,67                C,O                  2            36.0     0.0000   0.0000   0.0000  
31       TC4        68,69                C,C                  3            36.0     0.0000   0.0000   0.0000  
32       TN4a       70,71                C,O                  1            36.0     0.0000   0.0000   0.0000  
33       TC3        73,74                C,C                  2            36.0     0.0000   0.0000   0.0000  
34       TC3        79,80                C,C                  2            36.0     0.0000   0.0000   0.0000  
35       TN6        81,82                C,O                  3            36.0     0.0000   0.0000   0.0000  
36       TN4a       83,84                C,O                  3            36.0     0.0000   0.0000   0.0000  
37       TC4        85,86                C,C                  2            36.0     0.0000   0.0000   0.0000  
38       TN6        87,88                C,O                  3            36.0     0.0000   0.0000   0.0000  
39       SN4a       89,90,91             C,O,C                3            54.0     0.0000   0.0000   0.0000  
40       TN6        92,93                C,O                  2            36.0     0.0000   0.0000   0.0000  
41       TN6        94,95                C,O                  3            36.0     0.0000   0.0000   0.0000  
42       SN4a       96,97,98             C,O,C                3            54.0     0.0000   0.0000   0.0000  
43       TN6        99,100               C,O                  2            36.0     0.0000   0.0000   0.0000  
44       TN6        101,102              C,O                  2            36.0     0.0000   0.0000   0.0000  
45       TN6        103,104              C,O                  2            36.0     0.0000   0.0000   0.0000  
46       TN6        105,106              C,O                  2            36.0     0.0000   0.0000   0.0000  
47       TN6        107,108              C,O                  2            36.0     0.0000   0.0000   0.0000  
48       TN6        109,110              C,O                  2            36.0     0.0000   0.0000   0.0000  
49       TN6        111,112              C,O                  2            36.0     0.0000   0.0000   0.0000  
50       TN6        113,114              C,O                  2            36.0     0.0000   0.0000   0.0000  
51       SN4a       116,117,118,119      O,C,C,O              1            54.0     0.0000   0.0000   0.0000  

Bead connections
--------------------------------------------------------------------------------
index    to_idx   bond    
0        1        1.0     
1        2        1.0     
1        50       1.0     
1        51       1.0     
2        3        1.0     
3        4        1.0     
3        50       1.0     
4        5        1.0     
4        49       1.0     
5        6        1.0     
6        7        1.0     
6        35       1.0     
7        8        1.0     
8        9        1.0     
8        10       1.0     
8        11       1.0     
8        34       1.0     
9        10       1.0     
11       12       2.0     
11       13       1.0     
11       34       1.0     
12       13       1.0     
13       14       1.0     
13       33       1.0     
14       15       1.0     
14       31       1.0     
14       33       1.0     
15       16       1.0     
16       17       1.0     
16       31       1.0     
17       18       1.0     
17       19       1.0     
17       25       1.0     
19       20       1.0     
20       21       1.0     
20       25       1.0     
21       22       1.0     
21       24       1.0     
22       23       1.0     
23       24       1.0     
25       26       1.0     
26       27       1.0     
26       28       1.0     
26       30       1.0     
28       29       1.0     
29       30       1.0     
31       32       1.0     
35       36       1.0     
35       49       1.0     
36       37       1.0     
36       48       1.0     
37       38       1.0     
38       39       1.0     
38       47       1.0     
39       40       1.0     
39       46       1.0     
40       41       1.0     
41       42       1.0     
41       46       1.0     
42       43       1.0     
42       45       1.0     
43       44       1.0     
44       45       1.0     
47       48       1.0     