Compound: TPCN06058
SMILES:   CC1(CO)CCC23COC4(CCC5C6(C)CCC(OC7OCC(OC8OC(CO)C(O)C(O)C8OC%10OCC(O)C(O)C%10O)C(O)C7OC9OC(CO)C(O)C(O)C9O)C(C)(C)C6CCC5(C)C4(C)CC2O)C3C1

All beads
--------------------------------------------------------------------------------
index    bead_type  atoms_idx            atoms_elem           #conns       mass     x        y        z       
0        SC4        0,1,73               C,C,C                3            54.0     1.0370   -0.0243  0.0721  
1        TP1        2,3                  C,O                  1            36.0     1.1739   0.1018   -0.1293 
2        TC3        4,5                  C,C                  2            36.0     1.0633   0.2797   0.1394  
3        SC4        6,9,72               C,C,C                6            54.0     0.7955   0.1631   0.1400  
4        TN4a       7,8                  C,O                  1            36.0     0.7246   0.3411   0.2187  
5        TC3        10,11                C,C                  2            36.0     0.5396   -0.0193  0.2270  
6        SC4        12,65,66             C,C,C                4            54.0     0.5670   -0.0818  -0.0694 
7        SC4        13,14,62             C,C,C                4            54.0     0.1947   0.0414   0.0318  
8        TC3        15,16                C,C                  2            36.0     0.1402   -0.2392  0.0869  
9        TN6        17,18                C,O                  3            36.0     -0.0538  -0.1476  -0.0655 
10       SN4a       19,20,21             C,O,C                3            54.0     -0.3451  -0.0866  -0.1823 
11       TN6        22,23                C,O                  3            36.0     -0.5440  -0.0656  -0.0766 
12       SN4a       24,25,26             C,O,C                4            54.0     -0.8228  -0.0151  -0.0396 
13       TP1        27,28                C,O                  1            36.0     -1.0982  -0.0941  -0.1193 
14       TN6        29,30                C,O                  2            36.0     -1.0247  0.1795   0.0546  
15       TN6        31,32                C,O                  2            36.0     -0.8321  0.2641   0.1063  
16       TN6        33,34                C,O                  3            36.0     -0.6828  0.1635   -0.0552 
17       SN4a       35,36,37             C,O,C                3            54.0     -0.5817  0.2251   -0.3000 
18       TN6        38,39                C,O                  2            36.0     -0.7737  0.2374   -0.5009 
19       TN6        40,41                C,O                  2            36.0     -0.7452  0.4784   -0.4440 
20       TN6        42,43                C,O                  2            36.0     -0.7944  0.4142   -0.2363 
21       TN6        44,45                C,O                  2            36.0     -0.5537  -0.2799  -0.0195 
22       TN6        46,47                C,O                  3            36.0     -0.3209  -0.2734  0.0424  
23       SN4a       48,49,50             C,O,C                4            54.0     -0.3384  -0.4180  0.2691  
24       TP1        51,52                C,O                  1            36.0     -0.5767  -0.5906  0.3948  
25       TN6        53,54                C,O                  2            36.0     -0.4043  -0.4194  0.5523  
26       TN6        55,56                C,O                  2            36.0     -0.1675  -0.3608  0.5300  
27       TN6        57,58                C,O                  2            36.0     -0.2314  -0.1688  0.3833  
28       SC4        59,60,61             C,C,C                2            54.0     0.0741   -0.1617  -0.2735 
29       TC3        63,64                C,C                  2            36.0     0.3896   0.0082   -0.2473 
30       SC4        67,68,69             C,C,C                3            54.0     0.5504   0.2540   -0.0428 
31       TN6        70,71                C,O                  2            36.0     0.8021   0.3866   -0.1007 

Bead connections
--------------------------------------------------------------------------------
index    to_idx   bond    
0        1        1.0     
0        2        1.0     
0        3        1.0     
2        3        1.0     
3        4        1.0     
3        5        1.0     
3        30       1.0     
3        31       1.0     
5        6        1.0     
6        7        1.0     
6        29       1.0     
6        30       1.0     
7        8        1.0     
7        28       1.0     
7        29       1.0     
8        9        1.0     
9        10       1.0     
9        28       1.0     
10       11       1.0     
10       22       1.0     
11       12       1.0     
11       21       1.0     
12       13       1.0     
12       14       1.0     
12       16       1.0     
14       15       1.0     
15       16       1.0     
16       17       1.0     
17       18       1.0     
17       20       1.0     
18       19       1.0     
19       20       1.0     
21       22       1.0     
22       23       1.0     
23       24       1.0     
23       25       1.0     
23       27       1.0     
25       26       1.0     
26       27       1.0     
30       31       1.0     