Compound: TPCN05353
SMILES:   CC(=O)OCC1OC(OC2C(OC(C)=O)C(C)OC(OC(=O)C34CCC(C)(C)CC3C9=CCC5C6(C)CCC(OC7OC(C(=O)O)C(O)C(O)C7OC%13OC(CO)C(O)C(O)C%13O)C(C)(C=O)C6CCC5(C)C9(C)CC4O)C2OC8OC(C)C(OC%10OCC(O)C(O)C%10OC%11OCC(O)C(O)C%11OC%12OCC(O)C(O)C%12O)C(O)C8O)C(O)C(O)C1O

All beads
--------------------------------------------------------------------------------
index    bead_type  atoms_idx            atoms_elem           #conns       mass     x        y        z       
0        N4a        0,1,2,3,4            C,C,O,O,C            1            72.0     0.0000   0.0000   0.0000  
1        TN4a       5,6                  C,O                  3            36.0     0.0000   0.0000   0.0000  
2        TN6        7,8                  C,O                  3            36.0     0.0000   0.0000   0.0000  
3        TC3        9,10                 C,C                  4            36.0     0.0000   0.0000   0.0000  
4        SN4a       11,12,13,14          O,C,C,O              1            54.0     0.0000   0.0000   0.0000  
5        TC4        15,16                C,C                  2            36.0     0.0000   0.0000   0.0000  
6        TN4a       17,18                O,C                  3            36.0     0.0000   0.0000   0.0000  
7        SN4a       19,20,21             O,C,O                2            54.0     0.0000   0.0000   0.0000  
8        SC5        22,28,29             C,C,C                5            54.0     0.0000   0.0000   0.0000  
9        TC3        23,24                C,C                  2            36.0     0.0000   0.0000   0.0000  
10       SC4        25,26,27             C,C,C                2            54.0     0.0000   0.0000   0.0000  
11       SC4        30,72,73             C,C,C                4            54.0     0.0000   0.0000   0.0000  
12       TC3        31,32                C,C                  2            36.0     0.0000   0.0000   0.0000  
13       SC4        33,70,71             C,C,C                4            54.0     0.0000   0.0000   0.0000  
14       SC4        34,35,67             C,C,C                4            54.0     0.0000   0.0000   0.0000  
15       TC3        36,37                C,C                  2            36.0     0.0000   0.0000   0.0000  
16       TN6        38,39                C,O                  3            36.0     0.0000   0.0000   0.0000  
17       SN4a       40,41,42             C,O,C                4            54.0     0.0000   0.0000   0.0000  
18       SP2        43,44,45             C,O,O                1            54.0     0.0000   0.0000   0.0000  
19       TN6        46,47                C,O                  2            36.0     0.0000   0.0000   0.0000  
20       TN6        48,49                C,O                  2            36.0     0.0000   0.0000   0.0000  
21       TN6        50,51                C,O                  3            36.0     0.0000   0.0000   0.0000  
22       SN4a       52,53,54             C,O,C                4            54.0     0.0000   0.0000   0.0000  
23       TP1        55,56                C,O                  1            36.0     0.0000   0.0000   0.0000  
24       TN6        57,58                C,O                  2            36.0     0.0000   0.0000   0.0000  
25       TN6        59,60                C,O                  2            36.0     0.0000   0.0000   0.0000  
26       TN6        61,62                C,O                  2            36.0     0.0000   0.0000   0.0000  
27       TC4        63,64                C,C                  3            36.0     0.0000   0.0000   0.0000  
28       TN4a       65,66                C,O                  1            36.0     0.0000   0.0000   0.0000  
29       TC3        68,69                C,C                  2            36.0     0.0000   0.0000   0.0000  
30       SN6        74,75,76             C,C,O                2            54.0     0.0000   0.0000   0.0000  
31       TN6        77,78                C,O                  3            36.0     0.0000   0.0000   0.0000  
32       TN4a       79,80                C,O                  3            36.0     0.0000   0.0000   0.0000  
33       TC4        81,82                C,C                  2            36.0     0.0000   0.0000   0.0000  
34       TN6        83,84                C,O                  3            36.0     0.0000   0.0000   0.0000  
35       SN4a       85,86,87             C,O,C                3            54.0     0.0000   0.0000   0.0000  
36       TN6        88,89                C,O                  2            36.0     0.0000   0.0000   0.0000  
37       TN6        90,91                C,O                  2            36.0     0.0000   0.0000   0.0000  
38       TN6        92,93                C,O                  3            36.0     0.0000   0.0000   0.0000  
39       SN4a       94,95,96             C,O,C                3            54.0     0.0000   0.0000   0.0000  
40       TN6        97,98                C,O                  2            36.0     0.0000   0.0000   0.0000  
41       TN6        99,100               C,O                  2            36.0     0.0000   0.0000   0.0000  
42       TN6        101,102              C,O                  3            36.0     0.0000   0.0000   0.0000  
43       SN4a       103,104,105          C,O,C                3            54.0     0.0000   0.0000   0.0000  
44       TN6        106,107              C,O                  2            36.0     0.0000   0.0000   0.0000  
45       TN6        108,109              C,O                  2            36.0     0.0000   0.0000   0.0000  
46       TN6        110,111              C,O                  2            36.0     0.0000   0.0000   0.0000  
47       TN6        112,113              C,O                  2            36.0     0.0000   0.0000   0.0000  
48       TN6        114,115              C,O                  2            36.0     0.0000   0.0000   0.0000  
49       TN6        116,117              C,O                  2            36.0     0.0000   0.0000   0.0000  
50       TN6        118,119              C,O                  2            36.0     0.0000   0.0000   0.0000  
51       TN6        120,121              C,O                  2            36.0     0.0000   0.0000   0.0000  

Bead connections
--------------------------------------------------------------------------------
index    to_idx   bond    
0        1        1.0     
1        2        1.0     
1        51       1.0     
2        3        1.0     
2        49       1.0     
3        4        1.0     
3        5        1.0     
3        31       1.0     
5        6        1.0     
6        7        1.0     
6        31       1.0     
7        8        1.0     
8        9        1.0     
8        10       1.0     
8        11       1.0     
8        30       1.0     
9        10       1.0     
11       12       2.0     
11       13       1.0     
11       30       1.0     
12       13       1.0     
13       14       1.0     
13       29       1.0     
14       15       1.0     
14       27       1.0     
14       29       1.0     
15       16       1.0     
16       17       1.0     
16       27       1.0     
17       18       1.0     
17       19       1.0     
17       21       1.0     
19       20       1.0     
20       21       1.0     
21       22       1.0     
22       23       1.0     
22       24       1.0     
22       26       1.0     
24       25       1.0     
25       26       1.0     
27       28       1.0     
31       32       1.0     
32       33       1.0     
32       48       1.0     
33       34       1.0     
34       35       1.0     
34       47       1.0     
35       36       1.0     
35       38       1.0     
36       37       1.0     
37       38       1.0     
38       39       1.0     
39       40       1.0     
39       42       1.0     
40       41       1.0     
41       42       1.0     
42       43       1.0     
43       44       1.0     
43       46       1.0     
44       45       1.0     
45       46       1.0     
47       48       1.0     
49       50       1.0     
50       51       1.0     