Compound: TPCN04232
SMILES:   CC1OC(OC2C(OC3CCC4(C)C(CCC5(C)C4CC=C%10C6CC(C)(C)CCC6(C(=O)OC%11OC(COC7OC(CO)C(O)C(O)C7O)C(O)C(O)C%11O)CCC%105C)C3(C)CO)OCC(O)C2O)C(O)C(OC8OC(CO)C(OC9OC(CO)C(O)C(O)C9O)C(O)C8O)C1O

All beads
--------------------------------------------------------------------------------
index    bead_type  atoms_idx            atoms_elem           #conns       mass     x        y        z       
0        TC4        0,1                  C,C                  2            36.0     -0.8071  0.1052   0.2789  
1        TN4a       2,3                  O,C                  3            36.0     -0.6094  0.2222   0.0834  
2        TN6        4,5                  O,C                  3            36.0     -0.4461  0.1516   -0.0102 
3        TN6        6,7                  C,O                  3            36.0     -0.3719  -0.0442  -0.0420 
4        SC3        8,9,10               C,C,C                3            54.0     -0.1976  -0.1475  0.1673  
5        SC4        11,12,13             C,C,C                4            54.0     0.0162   -0.3336  0.1532  
6        TC3        14,15                C,C                  2            36.0     0.0941   -0.0406  -0.0876 
7        SC4        16,17,18             C,C,C                4            54.0     0.1998   -0.0158  0.1866  
8        TC3        19,20                C,C                  2            36.0     0.3015   -0.2039  0.3440  
9        SC4        21,57,58             C,C,C                4            54.0     0.4263   -0.1423  0.0143  
10       SC5        22,23,29             C,C,C                5            54.0     0.6430   -0.0847  0.2839  
11       SC4        24,25,26             C,C,C                2            54.0     0.8842   -0.1332  0.4159  
12       TC3        27,28                C,C                  2            36.0     0.8180   0.1348   0.2940  
13       SN4a       30,31,32             C,O,O                2            54.0     0.7624   0.0562   -0.0057 
14       SN4a       33,34,35             C,O,C                4            54.0     0.9345   -0.0519  -0.1034 
15       TN3r       36,37                C,O                  2            36.0     1.2136   0.0145   -0.0321 
16       SN4a       38,39,40             C,O,C                4            54.0     1.4817   0.0387   -0.1087 
17       TP1        41,42                C,O                  1            36.0     1.5659   0.2263   0.0977  
18       TN6        43,44                C,O                  2            36.0     1.4713   0.3289   -0.2056 
19       TN6        45,46                C,O                  2            36.0     1.4065   0.1891   -0.3630 
20       TN6        47,48                C,O                  2            36.0     1.4494   -0.0296  -0.3652 
21       TN6        49,50                C,O                  2            36.0     1.1276   -0.2592  -0.0570 
22       TN6        51,52                C,O                  2            36.0     0.9297   -0.3800  -0.1175 
23       TN6        53,54                C,O                  2            36.0     0.8616   -0.2173  -0.2685 
24       TC3        55,56                C,C                  2            36.0     0.4745   0.1537   0.0709  
25       TC4        59,60                C,C                  3            36.0     -0.1728  -0.2672  -0.1964 
26       TP1        61,62                C,O                  1            36.0     -0.2032  -0.4754  -0.0396 
27       TN4a       63,64                O,C                  2            36.0     -0.4181  0.0458   -0.3045 
28       TN6        65,66                C,O                  2            36.0     -0.2093  0.1800   -0.2858 
29       TN6        67,68                C,O                  2            36.0     -0.2602  0.2692   -0.0630 
30       TN6        69,70                C,O                  2            36.0     -0.7132  0.3875   -0.0817 
31       SN6        71,95,96             C,C,O                3            54.0     -0.8220  0.3976   0.2133  
32       TN6        72,73                O,C                  3            36.0     -0.9938  0.3813   -0.0129 
33       TN4a       74,75                O,C                  3            36.0     -0.9978  0.2003   -0.1561 
34       TP1        76,77                C,O                  1            36.0     -0.9933  0.1189   -0.3514 
35       TN6        78,79                C,O                  3            36.0     -1.1743  0.0808   -0.0837 
36       SN4a       80,81,82             C,O,C                4            54.0     -1.4366  -0.0383  -0.0316 
37       TP1        83,84                C,O                  1            36.0     -1.7057  0.0446   -0.1015 
38       TN6        85,86                C,O                  2            36.0     -1.6431  -0.2485  -0.0942 
39       TN6        87,88                C,O                  2            36.0     -1.4534  -0.3292  -0.2053 
40       TN6        89,90                C,O                  2            36.0     -1.2913  -0.2313  -0.0448 
41       TN6        91,92                C,O                  2            36.0     -1.3171  0.2511   -0.1298 
42       TN6        93,94                C,O                  2            36.0     -1.2081  0.4239   -0.0017 

Bead connections
--------------------------------------------------------------------------------
index    to_idx   bond    
0        1        1.0     
0        31       1.0     
1        2        1.0     
1        30       1.0     
2        3        1.0     
2        29       1.0     
3        4        1.0     
3        27       1.0     
4        5        1.0     
4        25       1.0     
5        6        1.0     
5        7        1.0     
5        25       1.0     
6        7        1.0     
7        8        1.0     
7        9        1.0     
8        9        2.0     
9        10       1.0     
9        24       1.0     
10       11       1.0     
10       12       1.0     
10       13       1.0     
10       24       1.0     
11       12       1.0     
13       14       1.0     
14       15       1.0     
14       21       1.0     
14       23       1.0     
15       16       1.0     
16       17       1.0     
16       18       1.0     
16       20       1.0     
18       19       1.0     
19       20       1.0     
21       22       1.0     
22       23       1.0     
25       26       1.0     
27       28       1.0     
28       29       1.0     
30       31       1.0     
31       32       1.0     
32       33       1.0     
32       42       1.0     
33       34       1.0     
33       35       1.0     
35       36       1.0     
35       41       1.0     
36       37       1.0     
36       38       1.0     
36       40       1.0     
38       39       1.0     
39       40       1.0     
41       42       1.0     