Compound: TPCN04702
SMILES:   CC1OC(OC(=O)C23CCC(C)(C)CC2C6=CCC4C5(C)CCC(O)C(C)(C=O)C5CCC4(C)C6(C)CC3O)C(OC7OC(C)C(OC8OCC(O)C(OC9OCC(OC%10OCC(O)C(O)C%10O)C(O)C9O)C8O)C(O)C7O)C(O)C1O

All beads
--------------------------------------------------------------------------------
index    bead_type  atoms_idx            atoms_elem           #conns       mass     x        y        z       
0        TC4        0,1                  C,C                  2            36.0     -0.3914  0.3341   0.2084  
1        TN4a       2,3                  O,C                  3            36.0     -0.2367  0.0522   0.1912  
2        SN4a       4,5,6                O,C,O                2            54.0     -0.3311  -0.1034  0.0453  
3        SC5        7,13,14              C,C,C                5            54.0     -0.5570  -0.3047  -0.1238 
4        TC3        8,9                  C,C                  2            36.0     -0.3184  -0.2193  -0.2417 
5        SC4        10,11,12             C,C,C                2            54.0     -0.3917  -0.5113  -0.2127 
6        SC4        15,34,35             C,C,C                4            54.0     -0.6663  -0.1397  0.1491  
7        TC3        16,17                C,C                  2            36.0     -0.9095  -0.2174  -0.1561 
8        SC4        18,32,33             C,C,C                4            54.0     -0.9331  -0.1066  0.0966  
9        SC4        19,20,29             C,C,C                4            54.0     -1.1500  0.0332   -0.0015 
10       TC3        21,22                C,C                  2            36.0     -1.1862  0.1237   -0.2427 
11       TN6        23,24                C,O                  2            36.0     -1.2320  0.3932   -0.1600 
12       TC4        25,26                C,C                  3            36.0     -1.3051  0.2554   0.0811  
13       TN4a       27,28                C,O                  1            36.0     -1.1136  0.4556   0.0827  
14       TC3        30,31                C,C                  2            36.0     -0.9461  0.1381   0.2005  
15       SN6        36,37,38             C,C,O                2            54.0     -0.5965  0.0562   -0.1017 
16       TN6        39,40                C,O                  3            36.0     -0.0446  0.0784   0.0998  
17       TN4a       41,42                C,O                  3            36.0     0.1521   0.0187   0.0097  
18       TC4        43,44                C,C                  2            36.0     0.3278   -0.1797  -0.1380 
19       TN6        45,46                C,O                  3            36.0     0.4272   -0.0502  0.0638  
20       SN4a       47,48,49             C,O,C                3            54.0     0.7100   -0.0751  0.2420  
21       TN6        50,51                C,O                  2            36.0     0.8432   0.1392   0.2511  
22       TN6        52,53                C,O                  3            36.0     0.8680   0.0671   0.0384  
23       SN4a       54,55,56             C,O,C                3            54.0     1.1076   0.0619   0.0077  
24       TN6        57,58                C,O                  3            36.0     1.3464   -0.0120  -0.0226 
25       SN4a       59,60,61             C,O,C                3            54.0     1.5846   0.0579   0.0523  
26       TN6        62,63                C,O                  2            36.0     1.8338   0.1693   0.0865  
27       TN6        64,65                C,O                  2            36.0     1.8032   0.0349   -0.1160 
28       TN6        66,67                C,O                  2            36.0     1.5855   0.1420   -0.2174 
29       TN6        68,69                C,O                  2            36.0     1.2493   -0.0401  -0.2453 
30       TN6        70,71                C,O                  2            36.0     1.0811   -0.1831  -0.1417 
31       TN6        72,73                C,O                  2            36.0     0.6755   0.0172   -0.0427 
32       TN6        74,75                C,O                  2            36.0     0.3314   -0.1401  0.2441  
33       TN6        76,77                C,O                  2            36.0     0.0988   -0.1569  0.1951  
34       TN6        78,79                C,O                  2            36.0     -0.0591  0.2700   -0.0417 
35       TN6        80,81                C,O                  2            36.0     -0.1698  0.4118   0.0855  

Bead connections
--------------------------------------------------------------------------------
index    to_idx   bond    
0        1        1.0     
0        35       1.0     
1        2        1.0     
1        16       1.0     
2        3        1.0     
3        4        1.0     
3        5        1.0     
3        6        1.0     
3        15       1.0     
4        5        1.0     
6        7        2.0     
6        8        1.0     
6        15       1.0     
7        8        1.0     
8        9        1.0     
8        14       1.0     
9        10       1.0     
9        12       1.0     
9        14       1.0     
10       11       1.0     
11       12       1.0     
12       13       1.0     
16       17       1.0     
16       34       1.0     
17       18       1.0     
17       33       1.0     
18       19       1.0     
19       20       1.0     
19       32       1.0     
20       21       1.0     
20       31       1.0     
21       22       1.0     
22       23       1.0     
22       31       1.0     
23       24       1.0     
23       30       1.0     
24       25       1.0     
24       29       1.0     
25       26       1.0     
25       28       1.0     
26       27       1.0     
27       28       1.0     
29       30       1.0     
32       33       1.0     
34       35       1.0     