Compound: TPCN05584
SMILES:   C=C1CCC2(C(=O)OC3OC(COC4OC(CO)C(O)C(O)C4O)C(O)C(O)C3O)CCC8(C)C(=CCC9C5(C)CCC(OC6OCC(O)C(OC7OCC(O)C(O)C7O)C6OC%10OC(C)C(O)C(O)C%10O)C(C)(C)C5CCC98C)C2C1

All beads
--------------------------------------------------------------------------------
index    bead_type  atoms_idx            atoms_elem           #conns       mass     x        y        z       
0        SC4        0,1,81               C,C,C                2            54.0     0.5484   -0.1020  0.2963  
1        TC3        2,3                  C,C                  2            36.0     0.6014   -0.3420  0.1256  
2        TC5        4,80                 C,C                  5            36.0     0.4017   -0.1363  0.0406  
3        SN4a       5,6,7                C,O,O                2            54.0     0.6059   -0.1081  -0.0895 
4        SN4a       8,9,10               C,O,C                4            54.0     0.7856   0.1105   -0.0004 
5        TN3r       11,12                C,O                  2            36.0     1.0027   0.0715   -0.0390 
6        SN4a       13,14,15             C,O,C                4            54.0     1.2647   0.0230   -0.0868 
7        TP1        16,17                C,O                  1            36.0     1.2576   0.2863   -0.2250 
8        TN6        18,19                C,O                  2            36.0     1.5024   0.0867   -0.0565 
9        TN6        20,21                C,O                  2            36.0     1.4468   0.1595   0.1431  
10       TN6        22,23                C,O                  2            36.0     1.3035   0.0208   0.2109  
11       TN6        24,25                C,O                  2            36.0     0.8919   0.3771   0.0128  
12       TN6        26,27                C,O                  2            36.0     0.7823   0.3261   -0.1873 
13       TN6        28,29                C,O                  2            36.0     0.5809   0.2528   -0.0792 
14       TC3        30,31                C,C                  2            36.0     0.3348   -0.3443  -0.1350 
15       SC4        32,33,34             C,C,C                4            54.0     0.1709   -0.3888  0.1220  
16       TC3        35,36                C,C                  2            36.0     0.0530   -0.1221  0.2133  
17       SC4        37,78,79             C,C,C                4            54.0     -0.0511  -0.3728  -0.0394 
18       SC4        38,39,75             C,C,C                4            54.0     -0.1394  -0.0345  -0.0413 
19       TC3        40,41                C,C                  2            36.0     -0.3730  -0.0666  0.0924  
20       TN6        42,43                C,O                  3            36.0     -0.4247  0.0706   -0.1290 
21       SN4a       44,45,46             C,O,C                3            54.0     -0.6537  0.2804   -0.1964 
22       TN6        47,48                C,O                  2            36.0     -0.7542  0.4533   -0.0981 
23       TN6        49,50                C,O                  3            36.0     -0.7949  0.2991   0.0604  
24       SN4a       51,52,53             C,O,C                3            54.0     -1.0674  0.3911   0.0665  
25       TN6        54,55                C,O                  2            36.0     -1.2698  0.2130   0.1178  
26       TN6        56,57                C,O                  2            36.0     -1.2149  0.2860   0.3437  
27       TN6        58,59                C,O                  2            36.0     -0.9689  0.2741   0.3462  
28       TN6        60,61                C,O                  3            36.0     -0.7275  0.1179   -0.0155 
29       TN4a       62,63                C,O                  3            36.0     -0.8417  -0.0505  0.0105  
30       TC4        64,65                C,C                  2            36.0     -1.0626  -0.1236  0.1936  
31       TN6        66,67                C,O                  2            36.0     -1.0287  -0.3194  0.0454  
32       TN6        68,69                C,O                  2            36.0     -1.0048  -0.3011  -0.1636 
33       TN6        70,71                C,O                  2            36.0     -0.8239  -0.1571  -0.2257 
34       SC4        72,73,74             C,C,C                2            54.0     -0.3844  -0.1039  -0.2910 
35       TC3        76,77                C,C                  2            36.0     0.0017   -0.1629  -0.2333 

Bead connections
--------------------------------------------------------------------------------
index    to_idx   bond    
0        1        1.0     
0        2        1.0     
1        2        1.0     
2        3        1.0     
2        14       1.0     
2        15       1.0     
3        4        1.0     
4        5        1.0     
4        11       1.0     
4        13       1.0     
5        6        1.0     
6        7        1.0     
6        8        1.0     
6        10       1.0     
8        9        1.0     
9        10       1.0     
11       12       1.0     
12       13       1.0     
14       15       1.0     
15       16       2.0     
15       17       1.0     
16       17       1.0     
17       18       1.0     
17       35       1.0     
18       19       1.0     
18       34       1.0     
18       35       1.0     
19       20       1.0     
20       21       1.0     
20       34       1.0     
21       22       1.0     
21       28       1.0     
22       23       1.0     
23       24       1.0     
23       28       1.0     
24       25       1.0     
24       27       1.0     
25       26       1.0     
26       27       1.0     
28       29       1.0     
29       30       1.0     
29       33       1.0     
30       31       1.0     
31       32       1.0     
32       33       1.0     