Compound: TPCN03773
SMILES:   CC12CCC3(COC1=O)C(O)CC9(C)C(=CCC4C5(C)CCC(OC6OCC(OC7OC(CO)C(OC8OC(CO)C(O)C(O)C8O)C(O)C7OC%11OCC(O)C(O)C%11O)C(O)C6OC%10OC(CO)C(O)C(O)C%10O)C(C)(C)C5CCC49C)C3C2

All beads
--------------------------------------------------------------------------------
index    bead_type  atoms_idx            atoms_elem           #conns       mass     x        y        z       
0        SC4        0,1,84               C,C,C                3            54.0     -1.1784  -0.1045  -0.0037 
1        TC3        2,3                  C,C                  2            36.0     -1.1874  0.2004   0.0643  
2        TC5        4,83                 C,C                  5            36.0     -0.9744  0.1326   -0.0528 
3        N4a        5,6,7,8              C,O,C,O              2            72.0     -0.9841  0.0303   0.2237  
4        SN6        9,10,11              C,O,C                2            54.0     -0.8024  0.3425   0.0137  
5        SC4        12,13,14             C,C,C                4            54.0     -0.7808  0.2157   -0.2350 
6        TC3        15,16                C,C                  2            36.0     -0.6870  -0.1325  -0.1089 
7        SC4        17,81,82             C,C,C                4            54.0     -0.4904  0.1918   -0.1136 
8        SC4        18,19,78             C,C,C                4            54.0     -0.3021  0.0094   -0.1143 
9        TC3        20,21                C,C                  2            36.0     -0.2961  -0.2516  -0.0375 
10       TN6        22,23                C,O                  3            36.0     -0.0831  -0.2043  -0.1756 
11       SN4a       24,25,26             C,O,C                3            54.0     0.1167   0.0055   -0.1221 
12       TN6        27,28                C,O                  3            36.0     0.2386   0.0547   0.0933  
13       SN4a       29,30,31             C,O,C                4            54.0     0.4626   0.2098   -0.0273 
14       TP1        32,33                C,O                  1            36.0     0.6150   0.0073   -0.1607 
15       TN6        34,35                C,O                  3            36.0     0.7237   0.2408   -0.0122 
16       SN4a       36,37,38             C,O,C                4            54.0     0.8874   0.3852   0.0379  
17       TP1        39,40                C,O                  1            36.0     1.0282   0.4961   0.2696  
18       TN6        41,42                C,O                  2            36.0     0.8898   0.6791   0.0069  
19       TN6        43,44                C,O                  2            36.0     1.0873   0.5646   -0.1218 
20       TN6        45,46                C,O                  2            36.0     0.8970   0.4303   -0.2376 
21       TN6        47,48                C,O                  2            36.0     0.6561   0.2944   0.2082  
22       TN6        49,50                C,O                  3            36.0     0.5232   0.1186   0.2119  
23       SN4a       51,52,53             C,O,C                3            54.0     0.6747   -0.0218  0.4342  
24       TN6        54,55                C,O                  2            36.0     0.8525   -0.2436  0.4730  
25       TN6        56,57                C,O                  2            36.0     0.7629   -0.2942  0.2471  
26       TN6        58,59                C,O                  2            36.0     0.5321   -0.2262  0.3158  
27       TN6        60,61                C,O                  2            36.0     0.1850   -0.1366  0.1571  
28       TN6        62,63                C,O                  3            36.0     0.1895   -0.2425  -0.0261 
29       SN4a       64,65,66             C,O,C                4            54.0     0.1891   -0.4855  0.1486  
30       TP1        67,68                C,O                  1            36.0     -0.0951  -0.5202  0.1814  
31       TN6        69,70                C,O                  2            36.0     0.1359   -0.7520  0.1242  
32       TN6        71,72                C,O                  2            36.0     0.1447   -0.6828  -0.1047 
33       TN6        73,74                C,O                  2            36.0     0.3006   -0.5046  -0.1187 
34       SC4        75,76,77             C,C,C                2            54.0     -0.1639  -0.1261  -0.3979 
35       TC3        79,80                C,C                  2            36.0     -0.4700  0.0800   -0.3701 

Bead connections
--------------------------------------------------------------------------------
index    to_idx   bond    
0        1        1.0     
0        2        1.0     
0        3        1.0     
1        2        1.0     
2        3        1.0     
2        4        1.0     
2        5        1.0     
4        5        1.0     
5        6        2.0     
5        7        1.0     
6        7        1.0     
7        8        1.0     
7        35       1.0     
8        9        1.0     
8        34       1.0     
8        35       1.0     
9        10       1.0     
10       11       1.0     
10       34       1.0     
11       12       1.0     
11       28       1.0     
12       13       1.0     
12       27       1.0     
13       14       1.0     
13       15       1.0     
13       22       1.0     
15       16       1.0     
15       21       1.0     
16       17       1.0     
16       18       1.0     
16       20       1.0     
18       19       1.0     
19       20       1.0     
21       22       1.0     
22       23       1.0     
23       24       1.0     
23       26       1.0     
24       25       1.0     
25       26       1.0     
27       28       1.0     
28       29       1.0     
29       30       1.0     
29       31       1.0     
29       33       1.0     
31       32       1.0     
32       33       1.0     