Compound: TPCN05458
SMILES:   CC1(C)CC2C3=CCC4C5(C)CCC(OC6OC(CO)C(OC7OCC(O)C(O)C7O)C(O)C6OC%10OC(CO)C(O)C(O)C%10O)C(C)(C)C5CCC4(C)C3(C)CCC2(COC8OC(COC9OC(CO)C(O)C(O)C9O)C(O)C(O)C8O)C(O)C1O

All beads
--------------------------------------------------------------------------------
index    bead_type  atoms_idx            atoms_elem           #conns       mass     x        y        z       
0        SC4        0,1,2                C,C,C                2            54.0     0.6536   0.5286   -0.1161 
1        SC5        3,4,58               C,C,C                5            54.0     0.4458   0.3386   -0.0698 
2        SC4        5,54,55              C,C,C                4            54.0     0.2742   0.2136   0.1516  
3        TC3        6,7                  C,C                  2            36.0     0.0802   0.2719   -0.1838 
4        SC4        8,52,53              C,C,C                4            54.0     0.0192   0.1801   0.0582  
5        SC4        9,10,49              C,C,C                4            54.0     -0.0801  -0.0905  -0.1789 
6        TC3        11,12                C,C                  2            36.0     -0.3085  0.0785   -0.1562 
7        TN6        13,14                C,O                  3            36.0     -0.4319  -0.0888  -0.0126 
8        SN4a       15,16,17             C,O,C                4            54.0     -0.6659  -0.1360  -0.1242 
9        TP1        18,19                C,O                  1            36.0     -0.8096  -0.2764  -0.3626 
10       TN6        20,21                C,O                  3            36.0     -0.8738  -0.3020  -0.0818 
11       SN4a       22,23,24             C,O,C                3            54.0     -1.1226  -0.4263  -0.1385 
12       TN6        25,26                C,O                  2            36.0     -1.3344  -0.3786  -0.2824 
13       TN6        27,28                C,O                  2            36.0     -1.3256  -0.1545  -0.1949 
14       TN6        29,30                C,O                  2            36.0     -1.1841  -0.1496  -0.0368 
15       TN6        31,32                C,O                  2            36.0     -0.7582  -0.3187  0.1287  
16       TN6        33,34                C,O                  3            36.0     -0.7165  -0.1083  0.1178  
17       SN4a       35,36,37             C,O,C                4            54.0     -0.8526  0.1202   0.1451  
18       TP1        38,39                C,O                  1            36.0     -1.0580  0.3252   0.0163  
19       TN6        40,41                C,O                  2            36.0     -1.0796  0.2052   0.2812  
20       TN6        42,43                C,O                  2            36.0     -0.9370  0.1717   0.4399  
21       TN6        44,45                C,O                  2            36.0     -0.8666  -0.0243  0.3707  
22       SC4        46,47,48             C,C,C                2            54.0     -0.2881  -0.2850  -0.0034 
23       TC3        50,51                C,C                  2            36.0     -0.0298  -0.0419  0.1783  
24       TC3        56,57                C,C                  2            36.0     0.3811   -0.0161  -0.0241 
25       TN3r       59,60                C,O                  2            36.0     0.6082   0.1547   0.1107  
26       SN4a       61,62,63             C,O,C                4            54.0     0.8096   -0.0474  0.2795  
27       TN3r       64,65                C,O                  2            36.0     1.0730   -0.1468  0.2474  
28       SN4a       66,67,68             C,O,C                4            54.0     1.1419   -0.1533  -0.0387 
29       TP1        69,70                C,O                  1            36.0     1.1920   0.0718   -0.1448 
30       TN6        71,72                C,O                  2            36.0     1.1413   -0.1916  -0.2897 
31       TN6        73,74                C,O                  2            36.0     1.0914   -0.3928  -0.2424 
32       TN6        75,76                C,O                  2            36.0     0.9402   -0.3758  -0.0261 
33       TN6        77,78                C,O                  2            36.0     0.9343   0.0069   0.5097  
34       TN6        79,80                C,O                  2            36.0     0.9995   0.2053   0.3826  
35       TN6        81,82                C,O                  2            36.0     0.8983   0.2032   0.1622  
36       TN6        83,84                C,O                  2            36.0     0.6655   0.1040   -0.1924 
37       TN6        85,86                C,O                  2            36.0     0.6772   0.3231   -0.3014 

Bead connections
--------------------------------------------------------------------------------
index    to_idx   bond    
0        1        1.0     
0        37       1.0     
1        2        1.0     
1        24       1.0     
1        25       1.0     
1        36       1.0     
2        3        2.0     
2        4        1.0     
2        24       1.0     
3        4        1.0     
4        5        1.0     
4        23       1.0     
5        6        1.0     
5        22       1.0     
5        23       1.0     
6        7        1.0     
7        8        1.0     
7        22       1.0     
8        9        1.0     
8        10       1.0     
8        16       1.0     
10       11       1.0     
10       15       1.0     
11       12       1.0     
11       14       1.0     
12       13       1.0     
13       14       1.0     
15       16       1.0     
16       17       1.0     
17       18       1.0     
17       19       1.0     
17       21       1.0     
19       20       1.0     
20       21       1.0     
25       26       1.0     
26       27       1.0     
26       33       1.0     
26       35       1.0     
27       28       1.0     
28       29       1.0     
28       30       1.0     
28       32       1.0     
30       31       1.0     
31       32       1.0     
33       34       1.0     
34       35       1.0     
36       37       1.0     