Compound: TPCN05662
SMILES:   CC1OC(OC2C(O)COC(OC3C(C)OC(OC4C(OC(=O)C56CCC(C)(C)CC5C%10=CCC7C8(C)CC(O)C(OC9OC(CO)C(O)C(O)C9O)C(C)(CO)C8CCC7(C)C%10(C)CC6O)OC(C)C(O)C4O)C(O)C3O)C2O)C(O)C(O)C1O

All beads
--------------------------------------------------------------------------------
index    bead_type  atoms_idx            atoms_elem           #conns       mass     x        y        z       
0        TC4        0,1                  C,C                  2            36.0     1.6113   0.0666   -0.0794 
1        TN4a       2,3                  O,C                  3            36.0     1.3255   0.0646   -0.0321 
2        TN6        4,5                  O,C                  3            36.0     1.1844   0.0234   0.1053  
3        TN6        6,7                  C,O                  2            36.0     1.1986   -0.0309  0.3032  
4        TN4a       8,9                  C,O                  2            36.0     0.9870   -0.0916  0.3382  
5        TN6        10,11                C,O                  3            36.0     0.8476   0.0290   0.1642  
6        SN6        12,76,77             C,C,O                3            54.0     0.6458   0.1113   0.2618  
7        TC4        13,14                C,C                  2            36.0     0.6129   0.2689   0.0280  
8        TN4a       15,16                O,C                  3            36.0     0.4543   0.0247   0.0976  
9        TN6        17,18                O,C                  3            36.0     0.3200   -0.1185  0.0449  
10       TN4a       19,67                C,O                  3            36.0     0.2657   -0.1411  -0.1512 
11       SN4a       20,21,22             O,C,O                2            54.0     0.0644   -0.0598  -0.1933 
12       SC5        23,29,30             C,C,C                5            54.0     -0.1867  -0.1911  -0.0589 
13       TC3        24,25                C,C                  2            36.0     -0.0768  -0.3154  -0.3017 
14       SC4        26,27,28             C,C,C                2            54.0     -0.2499  -0.4741  -0.1206 
15       SC4        31,62,63             C,C,C                4            54.0     -0.2412  0.1157   -0.0261 
16       TC3        32,33                C,C                  2            36.0     -0.5234  -0.0844  -0.2128 
17       SC4        34,60,61             C,C,C                4            54.0     -0.4846  0.2027   -0.2000 
18       SC4        35,36,57             C,C,C                4            54.0     -0.7476  0.2020   -0.1662 
19       SN6        37,38,39             C,C,O                2            54.0     -0.7832  -0.0509  0.0619  
20       TN6        40,41                C,O                  3            36.0     -0.9070  0.1215   0.2043  
21       SN4a       42,43,44             C,O,C                4            54.0     -1.1063  -0.0089  0.2282  
22       TP1        45,46                C,O                  1            36.0     -1.2238  -0.2611  0.1036  
23       TN6        47,48                C,O                  2            36.0     -1.3916  -0.0372  0.1253  
24       TN6        49,50                C,O                  2            36.0     -1.3517  0.1777   0.1649  
25       TN6        51,52                C,O                  2            36.0     -1.2110  0.1644   0.3709  
26       TC4        53,54                C,C                  3            36.0     -0.9501  0.3020   0.0165  
27       TP1        55,56                C,O                  1            36.0     -0.8041  0.4293   0.2166  
28       TC3        58,59                C,C                  2            36.0     -0.5034  0.3089   0.0530  
29       SN6        64,65,66             C,C,O                2            54.0     -0.1786  0.0573   -0.3413 
30       TC4        68,69                C,C                  2            36.0     0.4070   -0.4142  -0.1071 
31       TN6        70,71                C,O                  2            36.0     0.1885   -0.4507  0.0611  
32       TN6        72,73                C,O                  2            36.0     0.2750   -0.2903  0.1619  
33       TN6        74,75                C,O                  2            36.0     0.4075   0.0429   0.3454  
34       TN6        78,79                C,O                  2            36.0     0.9723   0.0517   0.0020  
35       TN6        80,81                C,O                  2            36.0     1.2481   -0.0192  -0.2488 
36       TN6        82,83                C,O                  2            36.0     1.2829   0.2170   -0.2658 
37       TN6        84,85                C,O                  2            36.0     1.4862   0.2585   -0.1588 

Bead connections
--------------------------------------------------------------------------------
index    to_idx   bond    
0        1        1.0     
0        37       1.0     
1        2        1.0     
1        35       1.0     
2        3        1.0     
2        34       1.0     
3        4        1.0     
4        5        1.0     
5        6        1.0     
5        34       1.0     
6        7        1.0     
6        33       1.0     
7        8        1.0     
8        9        1.0     
8        33       1.0     
9        10       1.0     
9        32       1.0     
10       11       1.0     
10       30       1.0     
11       12       1.0     
12       13       1.0     
12       14       1.0     
12       15       1.0     
12       29       1.0     
13       14       1.0     
15       16       2.0     
15       17       1.0     
15       29       1.0     
16       17       1.0     
17       18       1.0     
17       28       1.0     
18       19       1.0     
18       26       1.0     
18       28       1.0     
19       20       1.0     
20       21       1.0     
20       26       1.0     
21       22       1.0     
21       23       1.0     
21       25       1.0     
23       24       1.0     
24       25       1.0     
26       27       1.0     
30       31       1.0     
31       32       1.0     
35       36       1.0     
36       37       1.0     