Compound: TPCN05339
SMILES:   CC1OC(OC2C(O)COC(OC(=O)C34CCC(C)(C)CC3C%10=CCC5C6(C)CCC(OC7OC(C(=O)O)C(O)C(OC8OC(CO)C(O)C(O)C8O)C7O)C(C)(C=O)C6CCC5(C)C%10(C)CC4)C2OC9OC(C)C(OC%11OCC(O)C(O)C%11O)C(OC%12OC(CO)C(O)C(O)C%12O)C9O)C(O)C(O)C1O

All beads
--------------------------------------------------------------------------------
index    bead_type  atoms_idx            atoms_elem           #conns       mass     x        y        z       
0        TC4        0,1                  C,C                  2            36.0     -0.8369  0.2934   -0.3001 
1        TN4a       2,3                  O,C                  3            36.0     -0.5903  0.2410   -0.2998 
2        TN6        4,5                  O,C                  3            36.0     -0.4481  0.1088   -0.3397 
3        TN6        6,7                  C,O                  2            36.0     -0.2336  0.1596   -0.4393 
4        SN4a       8,9,10               C,O,C                3            54.0     -0.2283  -0.0959  -0.3906 
5        SN4a       11,12,13             O,C,O                2            54.0     -0.2307  -0.0758  -0.0362 
6        SC5        14,20,21             C,C,C                5            54.0     -0.0377  0.1982   0.0756  
7        TC3        15,16                C,C                  2            36.0     -0.2993  0.2055   0.1845  
8        SC4        17,18,19             C,C,C                2            54.0     -0.1455  0.4487   0.1284  
9        SC4        22,64,65             C,C,C                4            54.0     0.0752   -0.1472  0.0369  
10       TC3        23,24                C,C                  2            36.0     0.2458   0.0854   -0.1424 
11       SC4        25,62,63             C,C,C                4            54.0     0.3189   0.0266   0.1214  
12       SC4        26,27,59             C,C,C                4            54.0     0.5282   -0.1708  -0.0538 
13       TC3        28,29                C,C                  2            36.0     0.6677   0.0628   -0.0328 
14       TN6        30,31                C,O                  3            36.0     0.8380   -0.1291  0.0106  
15       SN4a       32,33,34             C,O,C                4            54.0     1.0881   -0.2040  -0.0035 
16       SP2        35,36,37             C,O,O                1            54.0     1.1857   -0.5194  -0.0021 
17       TN6        38,39                C,O                  2            36.0     1.3479   -0.2461  -0.1130 
18       TN6        40,41                C,O                  3            36.0     1.2954   -0.0374  -0.0900 
19       SN4a       42,43,44             C,O,C                4            54.0     1.4452   0.1967   -0.1217 
20       TP1        45,46                C,O                  1            36.0     1.3918   0.2612   0.1433  
21       TN6        47,48                C,O                  2            36.0     1.6725   0.3588   -0.0417 
22       TN6        49,50                C,O                  2            36.0     1.7516   0.1561   -0.1919 
23       TN6        51,52                C,O                  2            36.0     1.6254   -0.0205  -0.0674 
24       TN6        53,54                C,O                  2            36.0     1.1182   0.0461   0.0415  
25       TC4        55,56                C,C                  3            36.0     0.7168   -0.3461  0.0846  
26       TN4a       57,58                C,O                  1            36.0     0.7645   -0.1834  0.3024  
27       TC3        60,61                C,C                  2            36.0     0.3796   -0.2317  0.2263  
28       TC3        66,67                C,C                  2            36.0     -0.0392  -0.0397  0.2722  
29       TN6        68,69                C,O                  3            36.0     -0.4438  -0.0798  -0.2480 
30       TN4a       70,71                C,O                  3            36.0     -0.6136  -0.1433  -0.1734 
31       TC4        72,73                C,C                  2            36.0     -0.8778  -0.1180  -0.3093 
32       TN6        74,75                C,O                  3            36.0     -0.8813  -0.2498  -0.0896 
33       SN4a       76,77,78             C,O,C                3            54.0     -1.1510  -0.2980  -0.1960 
34       TN6        79,80                C,O                  2            36.0     -1.4164  -0.2932  -0.1263 
35       TN6        81,82                C,O                  2            36.0     -1.3042  -0.4900  0.0217  
36       TN6        83,84                C,O                  2            36.0     -1.1449  -0.3448  0.0927  
37       TN6        85,86                C,O                  3            36.0     -0.8215  -0.1157  0.0534  
38       SN4a       87,88,89             C,O,C                4            54.0     -0.9616  -0.0133  0.2775  
39       TP1        90,91                C,O                  1            36.0     -1.0284  0.1903   0.1968  
40       TN6        92,93                C,O                  2            36.0     -0.9747  0.0826   0.5122  
41       TN6        94,95                C,O                  2            36.0     -0.8905  -0.1030  0.5759  
42       TN6        96,97                C,O                  2            36.0     -0.7419  -0.1410  0.3867  
43       TN6        98,99                C,O                  2            36.0     -0.5916  -0.1394  0.0767  
44       TN6        100,101              C,O                  2            36.0     -0.4712  0.4660   -0.2491 
45       TN6        102,103              C,O                  2            36.0     -0.5621  0.4234   -0.0214 
46       TN6        104,105              C,O                  2            36.0     -0.7775  0.3888   -0.0488 

Bead connections
--------------------------------------------------------------------------------
index    to_idx   bond    
0        1        1.0     
0        46       1.0     
1        2        1.0     
1        44       1.0     
2        3        1.0     
2        29       1.0     
3        4        1.0     
4        5        1.0     
4        29       1.0     
5        6        1.0     
6        7        1.0     
6        8        1.0     
6        9        1.0     
6        28       1.0     
7        8        1.0     
9        10       2.0     
9        11       1.0     
9        28       1.0     
10       11       1.0     
11       12       1.0     
11       27       1.0     
12       13       1.0     
12       25       1.0     
12       27       1.0     
13       14       1.0     
14       15       1.0     
14       25       1.0     
15       16       1.0     
15       17       1.0     
15       24       1.0     
17       18       1.0     
18       19       1.0     
18       24       1.0     
19       20       1.0     
19       21       1.0     
19       23       1.0     
21       22       1.0     
22       23       1.0     
25       26       1.0     
29       30       1.0     
30       31       1.0     
30       43       1.0     
31       32       1.0     
32       33       1.0     
32       37       1.0     
33       34       1.0     
33       36       1.0     
34       35       1.0     
35       36       1.0     
37       38       1.0     
37       43       1.0     
38       39       1.0     
38       40       1.0     
38       42       1.0     
40       41       1.0     
41       42       1.0     
44       45       1.0     
45       46       1.0     