Compound: TPCN04812
SMILES:   CC1OC(OC2C(O)COC(OC3C(C)OC(OC4C(OC(=O)C56CCC(C)(C)CC5C%10=CCC7C8(C)CC(O)C(OC9OC(CO)C(O)C(O)C9O)C(CO)(CO)C8C(O)CC7(C)C%10(C)CC6)OCC(O)C4O)C(O)C3O)C2O)C(O)C(O)C1O

All beads
--------------------------------------------------------------------------------
index    bead_type  atoms_idx            atoms_elem           #conns       mass     x        y        z       
0        TC4        0,1                  C,C                  2            36.0     1.5984   0.0253   0.0374  
1        TN4a       2,3                  O,C                  3            36.0     1.3517   0.0408   -0.0129 
2        TN6        4,5                  O,C                  3            36.0     1.2497   -0.1298  0.0043  
3        TN6        6,7                  C,O                  2            36.0     1.2996   -0.2917  -0.1173 
4        TN4a       8,9                  C,O                  2            36.0     1.0829   -0.3988  -0.0638 
5        TN6        10,11                C,O                  3            36.0     0.9203   -0.1956  0.0642  
6        SN6        12,76,77             C,C,O                3            54.0     0.7719   -0.0485  -0.1095 
7        TC4        13,14                C,C                  2            36.0     0.6679   -0.2263  0.1645  
8        TN4a       15,16                O,C                  3            36.0     0.5021   -0.0839  -0.0054 
9        TN6        17,18                O,C                  3            36.0     0.3151   0.0453   -0.0575 
10       SN4a       19,68,69             C,O,C                3            54.0     0.2405   0.1696   0.1532  
11       SN4a       20,21,22             O,C,O                2            54.0     0.0529   -0.1089  0.0391  
12       SC5        23,29,30             C,C,C                5            54.0     -0.1818  -0.2553  -0.1085 
13       TC3        24,25                C,C                  2            36.0     0.0374   -0.1661  -0.2669 
14       SC4        26,27,28             C,C,C                2            54.0     -0.0564  -0.4481  -0.2615 
15       SC4        31,64,65             C,C,C                4            54.0     -0.2712  -0.1457  0.1594  
16       TC3        32,33                C,C                  2            36.0     -0.5358  -0.2112  -0.0578 
17       SC4        34,62,63             C,C,C                4            54.0     -0.4603  0.0133   0.2409  
18       SC4        35,36,58             C,C,C                4            54.0     -0.7158  0.0435   0.2015  
19       SN6        37,38,39             C,C,O                2            54.0     -0.9218  -0.1233  0.0584  
20       SN6        40,41,53             C,O,C                5            54.0     -0.9630  0.1301   0.0766  
21       SN4a       42,43,44             C,O,C                4            54.0     -1.2295  0.0552   0.0364  
22       TP1        45,46                C,O                  1            36.0     -1.3521  -0.1182  -0.1671 
23       TN6        47,48                C,O                  2            36.0     -1.4395  0.1739   -0.1367 
24       TN6        49,50                C,O                  2            36.0     -1.3384  0.3507   -0.0017 
25       TN6        51,52                C,O                  2            36.0     -1.2854  0.2667   0.2176  
26       TP1        54,55                C,O                  1            36.0     -0.8928  0.2479   -0.1576 
27       TP1        56,57                C,O                  1            36.0     -0.8668  0.3534   0.1536  
28       SN6        59,60,61             C,O,C                2            54.0     -0.5253  0.2289   0.0264  
29       TC3        66,67                C,C                  2            36.0     -0.1611  0.0866   -0.0129 
30       TN6        70,71                C,O                  2            36.0     0.1295   0.3482   -0.0241 
31       TN6        72,73                C,O                  2            36.0     0.2418   0.1943   -0.1899 
32       TN6        74,75                C,O                  2            36.0     0.5591   0.0331   -0.2333 
33       TN6        78,79                C,O                  2            36.0     1.1075   -0.1812  0.1898  
34       TN6        80,81                C,O                  2            36.0     1.1855   0.2172   -0.0802 
35       TN6        82,83                C,O                  2            36.0     1.3889   0.3457   -0.1146 
36       TN6        84,85                C,O                  2            36.0     1.4981   0.2917   0.0966  

Bead connections
--------------------------------------------------------------------------------
index    to_idx   bond    
0        1        1.0     
0        36       1.0     
1        2        1.0     
1        34       1.0     
2        3        1.0     
2        33       1.0     
3        4        1.0     
4        5        1.0     
5        6        1.0     
5        33       1.0     
6        7        1.0     
6        32       1.0     
7        8        1.0     
8        9        1.0     
8        32       1.0     
9        10       1.0     
9        31       1.0     
10       11       1.0     
10       30       1.0     
11       12       1.0     
12       13       1.0     
12       14       1.0     
12       15       1.0     
12       29       1.0     
13       14       1.0     
15       16       2.0     
15       17       1.0     
15       29       1.0     
16       17       1.0     
17       18       1.0     
17       28       1.0     
18       19       1.0     
18       20       1.0     
18       28       1.0     
19       20       1.0     
20       21       1.0     
20       26       1.0     
20       27       1.0     
21       22       1.0     
21       23       1.0     
21       25       1.0     
23       24       1.0     
24       25       1.0     
30       31       1.0     
34       35       1.0     
35       36       1.0     