Compound: TPCN06316
SMILES:   CC1OC(OC2C(O)C(CO)OC(OC(=O)C34CCC(C)(C)CC3C%12=CCC5C6(C)CC(O)C(OC7OC(C(=O)O)C(O)C(OC8OC(CO)C(O)C(OC9OC(CO)C(O)C(O)C9O)C8O)C7O)C(C)(CO)C6CCC5(C)C%12(C)CC4)C2O)C(O)C(OC%11OCC(O)(CO)C%11O)C1OC%10OCC(O)C(O)C%10O

All beads
--------------------------------------------------------------------------------
index    bead_type  atoms_idx            atoms_elem           #conns       mass     x        y        z       
0        TC4        0,1                  C,C                  2            36.0     -1.0507  0.2769   -0.1669 
1        TN4a       2,3                  O,C                  3            36.0     -1.0160  0.2541   0.1326  
2        TN6        4,5                  O,C                  3            36.0     -0.8177  0.2528   0.0989  
3        TN6        6,7                  C,O                  2            36.0     -0.7151  0.0882   0.2205  
4        SN4a       8,11,12              C,O,C                4            54.0     -0.5481  0.3166   0.1610  
5        TP1        9,10                 C,O                  1            36.0     -0.4883  0.1469   0.3941  
6        SN4a       13,14,15             O,C,O                2            54.0     -0.4094  0.1583   -0.0774 
7        SC5        16,22,23             C,C,C                5            54.0     -0.1907  -0.1031  -0.1897 
8        TC3        17,18                C,C                  2            36.0     -0.4609  -0.1901  -0.1645 
9        SC4        19,20,21             C,C,C                2            54.0     -0.2756  -0.3137  -0.3532 
10       SC4        24,78,79             C,C,C                4            54.0     -0.0932  0.1895   0.0244  
11       TC3        25,26                C,C                  2            36.0     0.1210   0.0841   -0.1900 
12       SC4        27,76,77             C,C,C                4            54.0     0.1007   0.0963   0.1913  
13       SC4        28,29,73             C,C,C                4            54.0     0.3508   0.0292   0.1446  
14       SN6        30,31,32             C,C,O                2            54.0     0.5518   0.1162   -0.0345 
15       TN6        33,34                C,O                  3            36.0     0.6265   -0.0968  0.1100  
16       SN4a       35,36,37             C,O,C                4            54.0     0.8129   -0.1749  0.2976  
17       SP2        38,39,40             C,O,O                1            54.0     0.9766   -0.4498  0.3888  
18       TN6        41,42                C,O                  2            36.0     0.9972   -0.0745  0.4241  
19       TN6        43,44                C,O                  3            36.0     1.0966   -0.1095  0.2265  
20       SN4a       45,46,47             C,O,C                4            54.0     1.2667   0.1095   0.2933  
21       TP1        48,49                C,O                  1            36.0     1.4858   0.3099   0.2812  
22       TN6        50,51                C,O                  2            36.0     1.2144   0.3088   0.0910  
23       TN6        52,53                C,O                  3            36.0     1.3244   0.1264   -0.0140 
24       SN4a       54,55,56             C,O,C                4            54.0     1.3909   0.1228   -0.2752 
25       TP1        57,58                C,O                  1            36.0     1.2668   -0.0487  -0.3853 
26       TN6        59,60                C,O                  2            36.0     1.5591   0.1391   -0.5071 
27       TN6        61,62                C,O                  2            36.0     1.6917   0.0762   -0.3504 
28       TN6        63,64                C,O                  2            36.0     1.6690   0.1248   -0.1434 
29       TN6        65,66                C,O                  2            36.0     1.3546   -0.0838  0.0978  
30       TN6        67,68                C,O                  2            36.0     0.9536   -0.1740  0.0435  
31       TC4        69,70                C,C                  3            36.0     0.4832   -0.2975  0.1434  
32       TP1        71,72                C,O                  1            36.0     0.4861   -0.2838  -0.1432 
33       TC3        74,75                C,C                  2            36.0     0.1370   -0.1840  0.1277  
34       TC3        80,81                C,C                  2            36.0     -0.2640  -0.0482  0.1236  
35       TN6        82,83                C,O                  2            36.0     -0.6790  0.2973   -0.0880 
36       TN6        84,85                C,O                  2            36.0     -1.0655  0.0324   0.1752  
37       TC3        86,97                C,C                  4            36.0     -1.1925  0.0966   -0.0262 
38       TN6        87,88                O,C                  3            36.0     -1.1949  -0.1495  0.0277  
39       TN4a       89,90                O,C                  2            36.0     -1.3613  -0.3284  -0.0928 
40       TN6        91,92                C,O                  3            36.0     -1.4130  -0.4570  0.0980  
41       TP1        93,94                C,O                  1            36.0     -1.2059  -0.5528  0.0953  
42       TN6        95,96                C,O                  2            36.0     -1.3157  -0.2436  0.1810  
43       TN6        98,99                O,C                  3            36.0     -1.3481  0.1994   -0.1992 
44       TN4a       100,101              O,C                  2            36.0     -1.4444  0.3030   -0.4224 
45       TN6        102,103              C,O                  2            36.0     -1.6589  0.3426   -0.3378 
46       TN6        104,105              C,O                  2            36.0     -1.6867  0.0778   -0.2885 
47       TN6        106,107              C,O                  2            36.0     -1.5241  0.0397   -0.1486 

Bead connections
--------------------------------------------------------------------------------
index    to_idx   bond    
0        1        1.0     
0        37       1.0     
1        2        1.0     
1        36       1.0     
2        3        1.0     
2        35       1.0     
3        4        1.0     
4        5        1.0     
4        6        1.0     
4        35       1.0     
6        7        1.0     
7        8        1.0     
7        9        1.0     
7        10       1.0     
7        34       1.0     
8        9        1.0     
10       11       2.0     
10       12       1.0     
10       34       1.0     
11       12       1.0     
12       13       1.0     
12       33       1.0     
13       14       1.0     
13       31       1.0     
13       33       1.0     
14       15       1.0     
15       16       1.0     
15       31       1.0     
16       17       1.0     
16       18       1.0     
16       30       1.0     
18       19       1.0     
19       20       1.0     
19       30       1.0     
20       21       1.0     
20       22       1.0     
20       29       1.0     
22       23       1.0     
23       24       1.0     
23       29       1.0     
24       25       1.0     
24       26       1.0     
24       28       1.0     
26       27       1.0     
27       28       1.0     
31       32       1.0     
36       37       1.0     
37       38       1.0     
37       43       1.0     
38       39       1.0     
38       42       1.0     
39       40       1.0     
40       41       1.0     
40       42       1.0     
43       44       1.0     
43       47       1.0     
44       45       1.0     
45       46       1.0     
46       47       1.0     