Compound: TPCN05790
SMILES:   CC1OC(OC2C(O)COC(OC3C(C)OC(OC4C(OC(=O)C56CCC(C)(C)CC5C%12=CCC7C8(C)CC(O)C(OC9OC(COC%10OC(CO)C(O)C(O)C%10O)C(O)C(O)C9O)C(C)(CO)C8C(O)CC7(C)C%12(C)CC6O)OCC(O)C4O)C(O)C3OC%11OCC(O)(CO)C%11O)C2O)C(O)C(O)C1O

All beads
--------------------------------------------------------------------------------
index    bead_type  atoms_idx            atoms_elem           #conns       mass     x        y        z       
0        TC4        0,1                  C,C                  2            36.0     1.2027   -0.0174  -0.2384 
1        TN4a       2,3                  O,C                  3            36.0     1.3017   -0.1546  0.0050  
2        TN6        4,5                  O,C                  3            36.0     1.2419   -0.2705  0.1778  
3        TN6        6,7                  C,O                  2            36.0     1.2148   -0.3291  0.4075  
4        TN4a       8,9                  C,O                  2            36.0     1.0425   -0.1777  0.3990  
5        TN6        10,11                C,O                  3            36.0     0.9438   -0.1453  0.1564  
6        TC3        12,87                C,C                  4            36.0     0.7832   -0.1084  -0.0384 
7        TC4        13,14                C,C                  2            36.0     0.8612   0.1416   0.0834  
8        TN4a       15,16                O,C                  3            36.0     0.6653   0.1317   -0.0648 
9        TN6        17,18                O,C                  3            36.0     0.4968   0.2360   -0.1190 
10       SN4a       19,79,80             C,O,C                3            54.0     0.2340   0.2765   -0.2395 
11       SN4a       20,21,22             O,C,O                2            54.0     0.3244   0.2396   0.1139  
12       SC5        23,29,30             C,C,C                5            54.0     0.1687   0.0175   0.2261  
13       TC3        24,25                C,C                  2            36.0     0.1254   0.2270   0.4255  
14       SC4        26,27,28             C,C,C                2            54.0     0.1204   -0.0497  0.5203  
15       SC4        31,74,75             C,C,C                4            54.0     -0.1982  0.1683   0.1746  
16       TC3        32,33                C,C                  2            36.0     -0.1837  -0.1371  0.1761  
17       SC4        34,72,73             C,C,C                4            54.0     -0.1550  -0.0173  -0.1073 
18       SC4        35,36,68             C,C,C                4            54.0     -0.4950  -0.0932  -0.0676 
19       SN6        37,38,39             C,C,O                2            54.0     -0.6234  -0.0770  0.1930  
20       TN6        40,41                C,O                  3            36.0     -0.7974  -0.0023  0.0067  
21       SN4a       42,43,44             C,O,C                4            54.0     -1.0861  0.0113   -0.0687 
22       TN3r       45,46                C,O                  2            36.0     -1.2946  0.2013   -0.0609 
23       SN4a       47,48,49             C,O,C                4            54.0     -1.6014  0.0819   -0.0029 
24       TP1        50,51                C,O                  1            36.0     -1.8839  -0.0233  -0.0757 
25       TN6        52,53                C,O                  2            36.0     -1.8366  0.1941   0.0907  
26       TN6        54,55                C,O                  2            36.0     -1.7476  0.3769   -0.0138 
27       TN6        56,57                C,O                  2            36.0     -1.5185  0.3234   0.0753  
28       TN6        58,59                C,O                  2            36.0     -1.2620  -0.1397  -0.0607 
29       TN6        60,61                C,O                  2            36.0     -1.2262  -0.1128  0.2027  
30       TN6        62,63                C,O                  2            36.0     -1.0290  0.0350   0.2233  
31       TC4        64,65                C,C                  3            36.0     -0.6982  0.2380   -0.0644 
32       TP1        66,67                C,O                  1            36.0     -0.7231  0.0793   -0.2870 
33       SN6        69,70,71             C,O,C                2            54.0     -0.3530  0.1619   -0.2033 
34       SN6        76,77,78             C,C,O                2            54.0     0.0063   0.3408   0.0859  
35       TN6        81,82                C,O                  2            36.0     0.3947   0.2024   -0.4336 
36       TN6        83,84                C,O                  2            36.0     0.5500   0.3368   -0.3334 
37       TN6        85,86                C,O                  2            36.0     0.7360   -0.0180  -0.2573 
38       TN6        88,89                O,C                  3            36.0     0.7494   -0.3207  -0.1042 
39       TN4a       90,91                O,C                  2            36.0     0.8132   -0.5767  -0.1415 
40       TN6        92,93                C,O                  3            36.0     0.6064   -0.6446  -0.2319 
41       TP1        94,95                C,O                  1            36.0     0.6879   -0.5662  -0.4572 
42       TN6        96,97                C,O                  2            36.0     0.5796   -0.3537  -0.2514 
43       TN6        98,99                C,O                  2            36.0     1.0505   -0.3543  0.0803  
44       TN6        100,101              C,O                  2            36.0     1.4647   -0.0397  0.1184  
45       TN6        102,103              C,O                  2            36.0     1.5179   0.0837   -0.0572 
46       TN6        104,105              C,O                  2            36.0     1.4524   -0.1107  -0.2513 

Bead connections
--------------------------------------------------------------------------------
index    to_idx   bond    
0        1        1.0     
0        46       1.0     
1        2        1.0     
1        44       1.0     
2        3        1.0     
2        43       1.0     
3        4        1.0     
4        5        1.0     
5        6        1.0     
5        43       1.0     
6        7        1.0     
6        37       1.0     
6        38       1.0     
7        8        1.0     
8        9        1.0     
8        37       1.0     
9        10       1.0     
9        36       1.0     
10       11       1.0     
10       35       1.0     
11       12       1.0     
12       13       1.0     
12       14       1.0     
12       15       1.0     
12       34       1.0     
13       14       1.0     
15       16       2.0     
15       17       1.0     
15       34       1.0     
16       17       1.0     
17       18       1.0     
17       33       1.0     
18       19       1.0     
18       31       1.0     
18       33       1.0     
19       20       1.0     
20       21       1.0     
20       31       1.0     
21       22       1.0     
21       28       1.0     
21       30       1.0     
22       23       1.0     
23       24       1.0     
23       25       1.0     
23       27       1.0     
25       26       1.0     
26       27       1.0     
28       29       1.0     
29       30       1.0     
31       32       1.0     
35       36       1.0     
38       39       1.0     
38       42       1.0     
39       40       1.0     
40       41       1.0     
40       42       1.0     
44       45       1.0     
45       46       1.0     