Compound: TPCN05231
SMILES:   CC1(CO)CCC23COC4(CCC5C6(C)CCC(OC7OCC(OC8OC(CO)C(O)C(OC9OC(CO)C(O)C(O)C9O)C8OC%11OCC(O)C(O)C%11O)C(O)C7OC%10OC(CO)C(O)C(O)C%10O)C(C)(C)C6CCC5(C)C4(C)CC2O)C3C1

All beads
--------------------------------------------------------------------------------
index    bead_type  atoms_idx            atoms_elem           #conns       mass     x        y        z       
0        SC4        0,1,84               C,C,C                3            54.0     1.0694   0.0547   -0.2767 
1        TP1        2,3                  C,O                  1            36.0     1.0450   0.2716   -0.1303 
2        TC3        4,5                  C,C                  2            36.0     1.2428   0.0090   -0.0281 
3        SC4        6,9,83               C,C,C                6            54.0     0.9356   -0.0374  0.0241  
4        TN4a       7,8                  C,O                  1            36.0     1.0481   -0.2493  0.0174  
5        TC3        10,11                C,C                  2            36.0     0.6745   -0.1987  -0.1133 
6        SC4        12,76,77             C,C,C                4            54.0     0.5543   -0.1276  0.2354  
7        SC4        13,14,73             C,C,C                4            54.0     0.3389   -0.0825  0.0802  
8        TC3        15,16                C,C                  2            36.0     0.2470   -0.1880  -0.1442 
9        TN6        17,18                C,O                  3            36.0     0.1055   0.0238   -0.0870 
10       SN4a       19,20,21             C,O,C                3            54.0     -0.1971  0.0075   -0.0675 
11       TN6        22,23                C,O                  3            36.0     -0.3472  0.1372   0.0220  
12       SN4a       24,25,26             C,O,C                4            54.0     -0.4952  0.1478   0.2580  
13       TP1        27,28                C,O                  1            36.0     -0.7263  0.2825   0.3676  
14       TN6        29,30                C,O                  2            36.0     -0.5740  0.0215   0.4707  
15       TN6        31,32                C,O                  3            36.0     -0.6850  -0.0879  0.2883  
16       SN4a       33,34,35             C,O,C                4            54.0     -0.8486  -0.2630  0.4094  
17       TP1        36,37                C,O                  1            36.0     -0.8070  -0.4032  0.6690  
18       TN6        38,39                C,O                  2            36.0     -1.0234  -0.2040  0.6387  
19       TN6        40,41                C,O                  2            36.0     -1.1731  -0.2034  0.4230  
20       TN6        42,43                C,O                  2            36.0     -1.0311  -0.1421  0.2431  
21       TN6        44,45                C,O                  3            36.0     -0.6314  -0.0256  0.0945  
22       SN4a       46,47,48             C,O,C                3            54.0     -0.7608  0.1460   -0.1099 
23       TN6        49,50                C,O                  2            36.0     -0.9842  0.1594   -0.2496 
24       TN6        51,52                C,O                  2            36.0     -1.0187  -0.0410  -0.1198 
25       TN6        53,54                C,O                  2            36.0     -0.8090  -0.1545  -0.1100 
26       TN6        55,56                C,O                  2            36.0     -0.3044  0.3039   -0.1397 
27       TN6        57,58                C,O                  3            36.0     -0.1446  0.1972   -0.2480 
28       SN4a       59,60,61             C,O,C                4            54.0     -0.1426  0.2348   -0.5131 
29       TP1        62,63                C,O                  1            36.0     -0.4023  0.2921   -0.4875 
30       TN6        64,65                C,O                  2            36.0     -0.2731  0.1250   -0.7500 
31       TN6        66,67                C,O                  2            36.0     -0.2186  -0.0749  -0.6288 
32       TN6        68,69                C,O                  2            36.0     0.0151   0.0169   -0.5257 
33       SC4        70,71,72             C,C,C                2            54.0     0.2704   0.1959   -0.1296 
34       TC3        74,75                C,C                  2            36.0     0.5571   0.1279   0.1063  
35       SC4        78,79,80             C,C,C                3            54.0     0.8100   -0.1789  0.2443  
36       TN6        81,82                C,O                  2            36.0     1.0839   -0.0404  0.2771  

Bead connections
--------------------------------------------------------------------------------
index    to_idx   bond    
0        1        1.0     
0        2        1.0     
0        3        1.0     
2        3        1.0     
3        4        1.0     
3        5        1.0     
3        35       1.0     
3        36       1.0     
5        6        1.0     
6        7        1.0     
6        34       1.0     
6        35       1.0     
7        8        1.0     
7        33       1.0     
7        34       1.0     
8        9        1.0     
9        10       1.0     
9        33       1.0     
10       11       1.0     
10       27       1.0     
11       12       1.0     
11       26       1.0     
12       13       1.0     
12       14       1.0     
12       21       1.0     
14       15       1.0     
15       16       1.0     
15       21       1.0     
16       17       1.0     
16       18       1.0     
16       20       1.0     
18       19       1.0     
19       20       1.0     
21       22       1.0     
22       23       1.0     
22       25       1.0     
23       24       1.0     
24       25       1.0     
26       27       1.0     
27       28       1.0     
28       29       1.0     
28       30       1.0     
28       32       1.0     
30       31       1.0     
31       32       1.0     
35       36       1.0     