Compound: TPCN03968
SMILES:   CC1OC(OC2C(OC3CCC4(C)C(CCC5(C)C4CC=C9C6CC(C)(C)CCC6(C(=O)OC%10OC(COC7OC(CO)C(O)C(O)C7O)C(O)C(O)C%10O)CCC95C)C3(C)C)OCC(OC8OC(CO)C(O)C(O)C8O)C2O)C(O)C(O)C1O

All beads
--------------------------------------------------------------------------------
index    bead_type  atoms_idx            atoms_elem           #conns       mass     x        y        z       
0        TC4        0,1                  C,C                  2            36.0     -0.6539  -0.1469  -0.3309 
1        TN4a       2,3                  O,C                  3            36.0     -0.7005  -0.2031  -0.0304 
2        TN6        4,5                  O,C                  3            36.0     -0.7323  -0.0693  0.1325  
3        TN6        6,7                  C,O                  3            36.0     -0.6002  0.0704   0.2086  
4        SC3        8,9,10               C,C,C                3            54.0     -0.3265  -0.1081  0.2364  
5        SC4        11,12,13             C,C,C                4            54.0     -0.2544  0.0342   -0.0070 
6        TC3        14,15                C,C                  2            36.0     0.0027   0.2145   0.1865  
7        SC4        16,17,18             C,C,C                4            54.0     0.0479   0.0832   -0.0583 
8        TC3        19,20                C,C                  2            36.0     0.0316   -0.1811  -0.1082 
9        SC4        21,57,58             C,C,C                4            54.0     0.2280   -0.0155  0.1792  
10       SC5        22,23,29             C,C,C                5            54.0     0.3859   -0.2339  -0.0343 
11       SC4        24,25,26             C,C,C                2            54.0     0.5319   -0.4683  -0.0304 
12       TC3        27,28                C,C                  2            36.0     0.6332   -0.2112  0.1177  
13       SN4a       30,31,32             C,O,O                2            54.0     0.5390   -0.0360  -0.1831 
14       SN4a       33,34,35             C,O,C                4            54.0     0.8244   0.0611   -0.2932 
15       TN3r       36,37                C,O                  2            36.0     1.0102   0.2271   -0.1350 
16       SN4a       38,39,40             C,O,C                4            54.0     1.2732   0.2315   -0.1010 
17       TP1        41,42                C,O                  1            36.0     1.4981   0.1338   -0.2838 
18       TN6        43,44                C,O                  2            36.0     1.5315   0.0838   -0.0014 
19       TN6        45,46                C,O                  2            36.0     1.4365   0.2552   0.1574  
20       TN6        47,48                C,O                  2            36.0     1.2141   0.2192   0.1762  
21       TN6        49,50                C,O                  2            36.0     1.0050   -0.0728  -0.0774 
22       TN6        51,52                C,O                  2            36.0     0.9196   -0.2467  -0.1937 
23       TN6        53,54                C,O                  2            36.0     0.8343   -0.1458  -0.3904 
24       TC3        55,56                C,C                  2            36.0     0.4049   0.1254   0.0358  
25       SC4        59,60,61             C,C,C                2            54.0     -0.3398  0.2481   0.2819  
26       TN4a       62,63                O,C                  2            36.0     -0.7806  0.2351   0.0736  
27       TN6        64,65                C,O                  3            36.0     -0.9557  0.1553   0.1698  
28       SN4a       66,67,68             C,O,C                4            54.0     -1.2670  0.1320   0.1517  
29       TP1        69,70                C,O                  1            36.0     -1.3918  0.2406   0.3179  
30       TN6        71,72                C,O                  2            36.0     -1.4864  0.2208   -0.0064 
31       TN6        73,74                C,O                  2            36.0     -1.3174  0.1535   -0.1146 
32       TN6        75,76                C,O                  2            36.0     -1.1658  0.3515   -0.0182 
33       TN6        77,78                C,O                  2            36.0     -0.9313  -0.0347  0.2588  
34       TN6        79,80                C,O                  2            36.0     -0.9485  -0.1878  -0.1115 
35       TN6        81,82                C,O                  2            36.0     -0.8391  -0.4427  -0.1052 
36       TN6        83,84                C,O                  2            36.0     -0.7745  -0.4182  -0.3124 

Bead connections
--------------------------------------------------------------------------------
index    to_idx   bond    
0        1        1.0     
0        36       1.0     
1        2        1.0     
1        34       1.0     
2        3        1.0     
2        33       1.0     
3        4        1.0     
3        26       1.0     
4        5        1.0     
4        25       1.0     
5        6        1.0     
5        7        1.0     
5        25       1.0     
6        7        1.0     
7        8        1.0     
7        9        1.0     
8        9        2.0     
9        10       1.0     
9        24       1.0     
10       11       1.0     
10       12       1.0     
10       13       1.0     
10       24       1.0     
11       12       1.0     
13       14       1.0     
14       15       1.0     
14       21       1.0     
14       23       1.0     
15       16       1.0     
16       17       1.0     
16       18       1.0     
16       20       1.0     
18       19       1.0     
19       20       1.0     
21       22       1.0     
22       23       1.0     
26       27       1.0     
27       28       1.0     
27       33       1.0     
28       29       1.0     
28       30       1.0     
28       32       1.0     
30       31       1.0     
31       32       1.0     
34       35       1.0     
35       36       1.0     