Compound: TPCN05892
SMILES:   CC1OC(OC2C(C)OC(OC(=O)C34CCC(C)(C)CC3C9=CCC5C6(C)CCC(OC7OC(C(=O)O)C(O)C(OC8OCC(O)C(O)C8O)C7OC%13OC(CO)C(O)C(O)C%13O)C(C)(C=O)C6CCC5(C)C9(C)CC4)C(OC%10OC(C)C(O)C(OC%11OCC(O)C(OC%12OCC(O)C(O)C%12O)C%11O)C%10O)C2O)C(O)C(O)C1O

All beads
--------------------------------------------------------------------------------
index    bead_type  atoms_idx            atoms_elem           #conns       mass     x        y        z       
0        TC4        0,1                  C,C                  2            36.0     1.0942   -0.0103  -0.2918 
1        TN4a       2,3                  O,C                  3            36.0     0.8353   -0.1869  -0.3565 
2        TN6        4,5                  O,C                  3            36.0     0.6419   -0.1958  -0.2484 
3        TC4        6,7                  C,C                  2            36.0     0.5647   0.0065   -0.3608 
4        TN4a       8,9                  O,C                  3            36.0     0.4483   0.0186   -0.0598 
5        SN4a       10,11,12             O,C,O                2            54.0     0.2380   0.0169   -0.1202 
6        SC5        13,19,20             C,C,C                5            54.0     -0.0056  -0.2292  -0.1479 
7        TC3        14,15                C,C                  2            36.0     0.1673   -0.1801  -0.3613 
8        SC4        16,17,18             C,C,C                2            54.0     0.1396   -0.4528  -0.2289 
9        SC4        21,72,73             C,C,C                4            54.0     -0.0515  0.0075   0.0864  
10       TC3        22,23                C,C                  2            36.0     -0.3562  -0.1800  -0.0842 
11       SC4        24,70,71             C,C,C                4            54.0     -0.3158  0.1700   0.0477  
12       SC4        25,26,67             C,C,C                4            54.0     -0.5746  0.1766   0.0470  
13       TC3        27,28                C,C                  2            36.0     -0.7414  -0.0238  -0.0651 
14       TN6        29,30                C,O                  3            36.0     -0.8700  0.0572   0.1472  
15       SN4a       31,32,33             C,O,C                4            54.0     -1.1062  -0.0116  0.2390  
16       SP2        34,35,36             C,O,O                1            54.0     -1.3312  -0.1427  0.4450  
17       TN6        37,38                C,O                  2            36.0     -1.3209  -0.2057  0.1480  
18       TN6        39,40                C,O                  3            36.0     -1.1892  -0.1141  -0.0241 
19       SN4a       41,42,43             C,O,C                3            54.0     -1.1708  -0.0485  -0.2638 
20       TN6        44,45                C,O                  2            36.0     -1.3152  0.0552   -0.4902 
21       TN6        46,47                C,O                  2            36.0     -1.4815  -0.0822  -0.3809 
22       TN6        48,49                C,O                  2            36.0     -1.3717  -0.2759  -0.2857 
23       TN6        50,51                C,O                  3            36.0     -1.1587  0.0886   0.0174  
24       SN4a       52,53,54             C,O,C                4            54.0     -1.2425  0.3077   0.0917  
25       TP1        55,56                C,O                  1            36.0     -1.1891  0.4019   0.3680  
26       TN6        57,58                C,O                  2            36.0     -1.4140  0.5349   0.1985  
27       TN6        59,60                C,O                  2            36.0     -1.3685  0.5108   -0.0397 
28       TN6        61,62                C,O                  2            36.0     -1.4442  0.2795   -0.0823 
29       TC4        63,64                C,C                  3            36.0     -0.7209  -0.1506  0.2514  
30       TN4a       65,66                C,O                  1            36.0     -0.7477  0.0768   0.4007  
31       TC3        68,69                C,C                  2            36.0     -0.3677  -0.0443  0.2540  
32       TC3        74,75                C,C                  2            36.0     -0.0716  0.1211   -0.1922 
33       TN6        76,77                C,O                  3            36.0     0.5429   -0.1350  0.0490  
34       TN4a       78,79                C,O                  3            36.0     0.6368   -0.0484  0.2199  
35       TC4        80,81                C,C                  2            36.0     0.7878   0.2124   0.2968  
36       TN6        82,83                C,O                  2            36.0     0.8659   0.1475   0.0345  
37       TN6        84,85                C,O                  3            36.0     0.9603   -0.0521  0.1329  
38       SN4a       86,87,88             C,O,C                3            54.0     1.1967   -0.2002  0.3145  
39       TN6        89,90                C,O                  2            36.0     1.2993   0.0333   0.4086  
40       TN6        91,92                C,O                  3            36.0     1.3660   0.0226   0.1962  
41       SN4a       93,94,95             C,O,C                3            54.0     1.5126   0.2471   0.0275  
42       TN6        96,97                C,O                  2            36.0     1.6284   0.4669   0.0529  
43       TN6        98,99                C,O                  2            36.0     1.5064   0.5218   0.2184  
44       TN6        100,101              C,O                  2            36.0     1.4531   0.3122   0.3398  
45       TN6        102,103              C,O                  2            36.0     1.2371   -0.0798  0.0609  
46       TN6        104,105              C,O                  2            36.0     0.8111   -0.1617  0.2905  
47       TN6        106,107              C,O                  2            36.0     0.5545   -0.3183  -0.0639 
48       TN6        108,109              C,O                  2            36.0     0.8487   -0.3957  -0.2598 
49       TN6        110,111              C,O                  2            36.0     1.0404   -0.4431  -0.3390 
50       TN6        112,113              C,O                  2            36.0     1.1652   -0.2522  -0.2560 

Bead connections
--------------------------------------------------------------------------------
index    to_idx   bond    
0        1        1.0     
0        50       1.0     
1        2        1.0     
1        48       1.0     
2        3        1.0     
2        47       1.0     
3        4        1.0     
4        5        1.0     
4        33       1.0     
5        6        1.0     
6        7        1.0     
6        8        1.0     
6        9        1.0     
6        32       1.0     
7        8        1.0     
9        10       2.0     
9        11       1.0     
9        32       1.0     
10       11       1.0     
11       12       1.0     
11       31       1.0     
12       13       1.0     
12       29       1.0     
12       31       1.0     
13       14       1.0     
14       15       1.0     
14       29       1.0     
15       16       1.0     
15       17       1.0     
15       23       1.0     
17       18       1.0     
18       19       1.0     
18       23       1.0     
19       20       1.0     
19       22       1.0     
20       21       1.0     
21       22       1.0     
23       24       1.0     
24       25       1.0     
24       26       1.0     
24       28       1.0     
26       27       1.0     
27       28       1.0     
29       30       1.0     
33       34       1.0     
33       47       1.0     
34       35       1.0     
34       46       1.0     
35       36       1.0     
36       37       1.0     
37       38       1.0     
37       46       1.0     
38       39       1.0     
38       45       1.0     
39       40       1.0     
40       41       1.0     
40       45       1.0     
41       42       1.0     
41       44       1.0     
42       43       1.0     
43       44       1.0     
48       49       1.0     
49       50       1.0     