Compound: TPCN04512
SMILES:   CC(C)=CC(CC(C)(O)C1C(=O)CC2(CO)C1CCC7C3(C)CCC(OC4OCC(O)C(OC5OC(COC6OC(CO)C(O)C(O)C6O)C(O)C(O)C5OC%10OCC(O)C(O)C%10O)C4OC9OC(C)C(O)C(O)C9O)C(C)(C)C3CCC72C)OC8OC(CO)C(O)C(O)C8O

All beads
--------------------------------------------------------------------------------
index    bead_type  atoms_idx            atoms_elem           #conns       mass     x        y        z       
0        SC2        0,1,2                C,C,C                1            54.0     -1.1652  -0.2442  0.0553  
1        SN3r       3,4,84               C,C,O                3            54.0     -1.0237  -0.0079  -0.0532 
2        P1         5,6,7,8              C,C,C,O              2            72.0     -0.7709  0.1467   -0.0487 
3        SN6        9,10,11              C,C,O                2            54.0     -0.6290  0.1201   0.1767  
4        SC3        12,13,16             C,C,C                4            54.0     -0.5113  -0.0448  0.1422  
5        TP1        14,15                C,O                  1            36.0     -0.5574  -0.2763  0.0458  
6        TC3        17,18                C,C                  2            36.0     -0.3415  0.1644   0.0266  
7        SC4        19,82,83             C,C,C                4            54.0     -0.2487  -0.1261  0.2219  
8        SC4        20,21,79             C,C,C                4            54.0     0.0113   -0.0645  0.0498  
9        TC3        22,23                C,C                  2            36.0     0.0289   0.1946   -0.0739 
10       TN6        24,25                C,O                  3            36.0     0.1517   0.0275   -0.2326 
11       SN4a       26,27,28             C,O,C                3            54.0     0.4099   0.0388   -0.3303 
12       TN6        29,30                C,O                  2            36.0     0.6197   -0.0566  -0.4142 
13       TN6        31,32                C,O                  3            36.0     0.6118   -0.1132  -0.1827 
14       SN4a       33,34,35             C,O,C                4            54.0     0.6923   0.0043   0.0409  
15       TN3r       36,37                C,O                  2            36.0     0.6802   0.1913   0.2675  
16       SN4a       38,39,40             C,O,C                4            54.0     0.5771   0.4494   0.3446  
17       TP1        41,42                C,O                  1            36.0     0.5896   0.5487   0.0641  
18       TN6        43,44                C,O                  2            36.0     0.6769   0.7130   0.3105  
19       TN6        45,46                C,O                  2            36.0     0.8703   0.6032   0.3381  
20       TN6        47,48                C,O                  2            36.0     0.8306   0.4328   0.5036  
21       TN6        49,50                C,O                  2            36.0     0.8849   0.2139   0.0661  
22       TN6        51,52                C,O                  2            36.0     0.9717   0.0807   -0.1147 
23       TN6        53,54                C,O                  3            36.0     0.8916   -0.1124  -0.0511 
24       SN4a       55,56,57             C,O,C                3            54.0     1.0983   -0.2514  0.1222  
25       TN6        58,59                C,O                  2            36.0     1.1664   -0.4720  0.2300  
26       TN6        60,61                C,O                  2            36.0     1.0675   -0.5435  0.0228  
27       TN6        62,63                C,O                  2            36.0     0.8766   -0.3861  -0.0192 
28       TN6        64,65                C,O                  3            36.0     0.4160   -0.1660  -0.1205 
29       TN4a       66,67                C,O                  3            36.0     0.2836   -0.3107  -0.0229 
30       TC4        68,69                C,C                  2            36.0     0.0829   -0.4951  -0.1938 
31       TN6        70,71                C,O                  2            36.0     0.2371   -0.6693  -0.1283 
32       TN6        72,73                C,O                  2            36.0     0.4869   -0.5674  -0.1130 
33       TN6        74,75                C,O                  2            36.0     0.4682   -0.4090  0.0767  
34       SC4        76,77,78             C,C,C                2            54.0     -0.0555  -0.0578  -0.3406 
35       TC3        80,81                C,C                  2            36.0     -0.2403  -0.2230  -0.0712 
36       SN4a       85,86,87             C,O,C                4            54.0     -1.1951  0.2608   0.0314  
37       TP1        88,89                C,O                  1            36.0     -1.1683  0.5565   0.1313  
38       TN6        90,91                C,O                  2            36.0     -1.3801  0.4623   -0.0780 
39       TN6        92,93                C,O                  2            36.0     -1.4478  0.2334   -0.1573 
40       TN6        94,95                C,O                  2            36.0     -1.2402  0.2115   -0.2550 

Bead connections
--------------------------------------------------------------------------------
index    to_idx   bond    
0        1        2.0     
1        2        1.0     
1        36       1.0     
2        3        1.0     
3        4        1.0     
4        5        1.0     
4        6        1.0     
4        7        1.0     
6        7        1.0     
7        8        1.0     
7        35       1.0     
8        9        1.0     
8        34       1.0     
8        35       1.0     
9        10       1.0     
10       11       1.0     
10       34       1.0     
11       12       1.0     
11       28       1.0     
12       13       1.0     
13       14       1.0     
13       28       1.0     
14       15       1.0     
14       21       1.0     
14       23       1.0     
15       16       1.0     
16       17       1.0     
16       18       1.0     
16       20       1.0     
18       19       1.0     
19       20       1.0     
21       22       1.0     
22       23       1.0     
23       24       1.0     
24       25       1.0     
24       27       1.0     
25       26       1.0     
26       27       1.0     
28       29       1.0     
29       30       1.0     
29       33       1.0     
30       31       1.0     
31       32       1.0     
32       33       1.0     
36       37       1.0     
36       38       1.0     
36       40       1.0     
38       39       1.0     
39       40       1.0     