Compound: TPCN04913
SMILES:   CC1OC(OC2COC(OC3CCC4(C)C(CCC5(C)C4CC=C8C6CC(C)(C)CCC6(C(=O)OC9OC(CO)C(O)C(O)C9O)CCC85C)C3(C)CO)C(O)C2O)C(O)C(O)C1OC7OC(CO)C(O)C(O)C7O

All beads
--------------------------------------------------------------------------------
index    bead_type  atoms_idx            atoms_elem           #conns       mass     x        y        z       
0        TC4        0,1                  C,C                  2            36.0     0.9965   0.1685   -0.0480 
1        TN4a       2,3                  O,C                  3            36.0     0.8007   0.0351   0.0303  
2        TN6        4,5                  O,C                  3            36.0     0.5964   -0.0275  0.0356  
3        TN4a       6,7                  C,O                  2            36.0     0.4246   -0.1463  0.0880  
4        TN6        8,9                  C,O                  3            36.0     0.2554   0.0291   -0.0558 
5        SC3        10,11,12             C,C,C                3            54.0     0.0056   -0.1515  -0.1032 
6        SC4        13,14,15             C,C,C                4            54.0     -0.2086  -0.0646  -0.2179 
7        TC3        16,17                C,C                  2            36.0     -0.2939  0.2347   -0.1439 
8        SC4        18,19,20             C,C,C                4            54.0     -0.3372  0.0532   0.0738  
9        TC3        21,22                C,C                  2            36.0     -0.4467  -0.1965  0.0618  
10       SC4        23,48,49             C,C,C                4            54.0     -0.6124  0.0850   -0.0673 
11       SC5        24,25,31             C,C,C                5            54.0     -0.6920  -0.0151  0.2724  
12       SC4        26,27,28             C,C,C                2            54.0     -0.7835  -0.0744  0.5284  
13       TC3        29,30                C,C                  2            36.0     -0.9214  0.1252   0.3638  
14       SN4a       32,33,34             C,O,O                2            54.0     -0.9113  0.0586   0.0047  
15       SN4a       35,36,37             C,O,C                4            54.0     -1.0579  -0.0565  -0.1996 
16       TP1        38,39                C,O                  1            36.0     -1.1268  0.0926   -0.4489 
17       TN6        40,41                C,O                  2            36.0     -1.1053  -0.1926  -0.4301 
18       TN6        42,43                C,O                  2            36.0     -1.0901  -0.3468  -0.2459 
19       TN6        44,45                C,O                  2            36.0     -0.8745  -0.2455  -0.1804 
20       TC3        46,47                C,C                  2            36.0     -0.6546  0.2664   0.1480  
21       TC4        50,51                C,C                  3            36.0     -0.0046  0.0543   -0.3660 
22       TP1        52,53                C,O                  1            36.0     0.0832   0.2664   -0.2339 
23       TN6        54,55                C,O                  2            36.0     0.2857   0.1823   0.1031  
24       TN6        56,57                C,O                  2            36.0     0.5264   0.2001   0.0605  
25       TN6        58,59                C,O                  2            36.0     0.8636   -0.1889  0.0912  
26       SN6        60,61,62             C,O,C                3            54.0     1.0495   -0.0742  0.1971  
27       TN6        63,64                O,C                  3            36.0     1.2436   0.0881   0.0698  
28       TN4a       65,66                O,C                  3            36.0     1.4263   0.0217   -0.1093 
29       TP1        67,68                C,O                  1            36.0     1.2788   -0.1088  -0.2522 
30       TN6        69,70                C,O                  2            36.0     1.4171   -0.2101  -0.0175 
31       TN6        71,72                C,O                  2            36.0     1.5757   -0.0487  0.1496  
32       TN6        73,74                C,O                  2            36.0     1.4103   0.0829   0.2151  

Bead connections
--------------------------------------------------------------------------------
index    to_idx   bond    
0        1        1.0     
0        26       1.0     
1        2        1.0     
1        25       1.0     
2        3        1.0     
2        24       1.0     
3        4        1.0     
4        5        1.0     
4        23       1.0     
5        6        1.0     
5        21       1.0     
6        7        1.0     
6        8        1.0     
6        21       1.0     
7        8        1.0     
8        9        1.0     
8        10       1.0     
9        10       2.0     
10       11       1.0     
10       20       1.0     
11       12       1.0     
11       13       1.0     
11       14       1.0     
11       20       1.0     
12       13       1.0     
14       15       1.0     
15       16       1.0     
15       17       1.0     
15       19       1.0     
17       18       1.0     
18       19       1.0     
21       22       1.0     
23       24       1.0     
25       26       1.0     
26       27       1.0     
27       28       1.0     
27       32       1.0     
28       29       1.0     
28       30       1.0     
30       31       1.0     
31       32       1.0     