Compound: TPCN05944
SMILES:   CC1OC(OC2C(OC(=O)C34CCC(C)(C)CC3C%10=CCC5C6(C)CC(O)C(OC7OC(CO)C(O)C(OC8OC(CO)C(O)C(O)C8O)C7O)C(C)(C(=O)O)C6CCC5(C)C%10(C)CC4)OCC(O)C2O)C(O)C(O)C1OC9OCC(O)C(O)C9O

All beads
--------------------------------------------------------------------------------
index    bead_type  atoms_idx            atoms_elem           #conns       mass     x        y        z       
0        TC4        0,1                  C,C                  2            36.0     1.0233   -0.1269  0.2422  
1        TN4a       2,3                  O,C                  3            36.0     0.8533   -0.2472  0.0940  
2        TN6        4,5                  O,C                  3            36.0     0.6416   -0.2785  0.1065  
3        SN4a       6,65,66              C,O,C                3            54.0     0.4257   -0.3945  -0.0195 
4        SN4a       7,8,9                O,C,O                2            54.0     0.3750   -0.1834  -0.1422 
5        SC5        10,16,17             C,C,C                5            54.0     0.3350   0.1365   -0.0369 
6        TC3        11,12                C,C                  2            36.0     0.4032   0.0847   -0.3049 
7        SC4        13,14,15             C,C,C                2            54.0     0.5978   0.2055   -0.1003 
8        SC4        18,61,62             C,C,C                4            54.0     0.1447   -0.0606  0.1511  
9        TC3        19,20                C,C                  2            36.0     -0.0049  0.2817   0.0085  
10       SC4        21,59,60             C,C,C                4            54.0     -0.0785  0.0923   0.1914  
11       SC4        22,23,56             C,C,C                4            54.0     -0.3462  0.1689   0.1216  
12       SN6        24,25,26             C,C,O                2            54.0     -0.4356  0.2097   -0.1582 
13       TN6        27,28                C,O                  3            36.0     -0.6351  0.1304   -0.0334 
14       SN4a       29,30,31             C,O,C                4            54.0     -0.8672  0.2465   -0.0187 
15       TP1        32,33                C,O                  1            36.0     -1.0920  0.2796   0.2064  
16       TN6        34,35                C,O                  2            36.0     -1.1197  0.3215   -0.0854 
17       TN6        36,37                C,O                  3            36.0     -1.0910  0.1458   -0.1919 
18       SN4a       38,39,40             C,O,C                4            54.0     -1.2852  0.0210   -0.1280 
19       TP1        41,42                C,O                  1            36.0     -1.5308  0.1113   -0.0007 
20       TN6        43,44                C,O                  2            36.0     -1.4258  -0.1788  -0.0295 
21       TN6        45,46                C,O                  2            36.0     -1.1885  -0.2293  0.0233  
22       TN6        47,48                C,O                  2            36.0     -1.1476  -0.2120  -0.2223 
23       TN6        49,50                C,O                  2            36.0     -0.8652  0.1283   -0.2868 
24       TC4        51,52                C,C                  3            36.0     -0.5941  0.0336   0.2027  
25       SP2        53,54,55             C,O,O                1            54.0     -0.6141  -0.2078  0.0313  
26       TC3        57,58                C,C                  2            36.0     -0.2445  -0.1139  0.1989  
27       TC3        63,64                C,C                  2            36.0     0.0656   -0.0963  -0.1406 
28       TN6        67,68                C,O                  2            36.0     0.4679   -0.5692  0.1716  
29       TN6        69,70                C,O                  2            36.0     0.4803   -0.3304  0.2833  
30       TN6        71,72                C,O                  2            36.0     0.8547   -0.2963  -0.1570 
31       SN6        73,74,75             C,O,C                3            54.0     1.0816   -0.2254  -0.0956 
32       TN6        76,77                O,C                  3            36.0     1.2238   -0.0320  0.0370  
33       TN4a       78,79                O,C                  2            36.0     1.2119   0.1776   -0.1230 
34       TN6        80,81                C,O                  2            36.0     1.4370   0.2857   -0.1268 
35       TN6        82,83                C,O                  2            36.0     1.4694   0.1852   0.0955  
36       TN6        84,85                C,O                  2            36.0     1.4405   -0.0349  -0.0095 

Bead connections
--------------------------------------------------------------------------------
index    to_idx   bond    
0        1        1.0     
0        31       1.0     
1        2        1.0     
1        30       1.0     
2        3        1.0     
2        29       1.0     
3        4        1.0     
3        28       1.0     
4        5        1.0     
5        6        1.0     
5        7        1.0     
5        8        1.0     
5        27       1.0     
6        7        1.0     
8        9        2.0     
8        10       1.0     
8        27       1.0     
9        10       1.0     
10       11       1.0     
10       26       1.0     
11       12       1.0     
11       24       1.0     
11       26       1.0     
12       13       1.0     
13       14       1.0     
13       24       1.0     
14       15       1.0     
14       16       1.0     
14       23       1.0     
16       17       1.0     
17       18       1.0     
17       23       1.0     
18       19       1.0     
18       20       1.0     
18       22       1.0     
20       21       1.0     
21       22       1.0     
24       25       1.0     
28       29       1.0     
30       31       1.0     
31       32       1.0     
32       33       1.0     
32       36       1.0     
33       34       1.0     
34       35       1.0     
35       36       1.0     