Compound: TPCN06303
SMILES:   CC1CCC2(C(=O)OC3OC(CO)C(O)C(O)C3O)CCC8(C)C(=CCC4C5(C)CCC(OC6OC(CO)C(O)C(OC7OC(CO)C(O)C(O)C7O)C6OC9OC(C)C(O)C(O)C9O)C(C)(C)C5CCC48C)C2C1C

All beads
--------------------------------------------------------------------------------
index    bead_type  atoms_idx            atoms_elem           #conns       mass     x        y        z       
0        TC4        0,1                  C,C                  2            36.0     0.9151   -0.3757  -0.1499 
1        TC3        2,3                  C,C                  2            36.0     0.8567   -0.1852  0.0789  
2        TC5        4,73                 C,C                  5            36.0     0.6555   -0.0750  -0.0979 
3        SN4a       5,6,7                C,O,O                2            54.0     0.7680   0.1072   0.0131  
4        SN4a       8,9,10               C,O,C                4            54.0     0.7911   0.4023   0.1750  
5        TP1        11,12                C,O                  1            36.0     0.8374   0.6218   0.0748  
6        TN6        13,14                C,O                  2            36.0     0.9499   0.5043   0.3663  
7        TN6        15,16                C,O                  2            36.0     1.1166   0.3576   0.2142  
8        TN6        17,18                C,O                  2            36.0     0.9868   0.1933   0.1626  
9        TC3        19,20                C,C                  2            36.0     0.4787   -0.0908  0.1364  
10       SC4        21,22,23             C,C,C                4            54.0     0.5028   -0.3386  -0.0273 
11       TC3        24,25                C,C                  2            36.0     0.3312   -0.0195  -0.1892 
12       SC4        26,71,72             C,C,C                4            54.0     0.2521   -0.3396  -0.1728 
13       SC4        27,28,68             C,C,C                4            54.0     0.0285   -0.1373  0.0028  
14       TC3        29,30                C,C                  2            36.0     -0.1126  -0.0264  -0.2005 
15       TN6        31,32                C,O                  3            36.0     -0.2784  -0.1194  -0.0214 
16       SN4a       33,34,35             C,O,C                4            54.0     -0.5119  -0.1919  0.1479  
17       TP1        36,37                C,O                  1            36.0     -0.7796  -0.2994  0.1558  
18       TN6        38,39                C,O                  2            36.0     -0.6185  -0.0934  0.3657  
19       TN6        40,41                C,O                  3            36.0     -0.6378  0.0765   0.1976  
20       SN4a       42,43,44             C,O,C                4            54.0     -0.8354  0.2781   0.2156  
21       TP1        45,46                C,O                  1            36.0     -0.8945  0.5586   0.0801  
22       TN6        47,48                C,O                  2            36.0     -1.0955  0.3490   0.1213  
23       TN6        49,50                C,O                  2            36.0     -1.1246  0.1136   0.1547  
24       TN6        51,52                C,O                  2            36.0     -0.9782  0.0733   0.3238  
25       TN6        53,54                C,O                  3            36.0     -0.4982  0.0630   0.0425  
26       TN4a       55,56                C,O                  3            36.0     -0.4593  0.1584   -0.1441 
27       TC4        57,58                C,C                  2            36.0     -0.5024  -0.0143  -0.4119 
28       TN6        59,60                C,O                  2            36.0     -0.7242  0.0691   -0.3733 
29       TN6        61,62                C,O                  2            36.0     -0.7829  0.2729   -0.2547 
30       TN6        63,64                C,O                  2            36.0     -0.5681  0.3475   -0.1650 
31       SC4        65,66,67             C,C,C                2            54.0     -0.2472  -0.3592  -0.0693 
32       TC3        69,70                C,C                  2            36.0     0.1200   -0.3792  0.0773  
33       TC4        74,75                C,C                  2            36.0     0.7875   -0.1831  -0.2977 

Bead connections
--------------------------------------------------------------------------------
index    to_idx   bond    
0        1        1.0     
0        33       1.0     
1        2        1.0     
2        3        1.0     
2        9        1.0     
2        10       1.0     
2        33       1.0     
3        4        1.0     
4        5        1.0     
4        6        1.0     
4        8        1.0     
6        7        1.0     
7        8        1.0     
9        10       1.0     
10       11       2.0     
10       12       1.0     
11       12       1.0     
12       13       1.0     
12       32       1.0     
13       14       1.0     
13       31       1.0     
13       32       1.0     
14       15       1.0     
15       16       1.0     
15       31       1.0     
16       17       1.0     
16       18       1.0     
16       25       1.0     
18       19       1.0     
19       20       1.0     
19       25       1.0     
20       21       1.0     
20       22       1.0     
20       24       1.0     
22       23       1.0     
23       24       1.0     
25       26       1.0     
26       27       1.0     
26       30       1.0     
27       28       1.0     
28       29       1.0     
29       30       1.0     