Compound: TPCN04785
SMILES:   CC1OC(OC(=O)C23CCC(C)(C)CC2C6=CCC4C5(C)CCC(=O)C(C)C5CCC4(C)C6(C)CC3O)C(OC7OC(C)C(OC8OCC(O)C(OC9OCC(OC%10OCC(O)C(O)C%10O)C(O)C9O)C8O)C(O)C7O)C(O)C1O

All beads
--------------------------------------------------------------------------------
index    bead_type  atoms_idx            atoms_elem           #conns       mass     x        y        z       
0        TC4        0,1                  C,C                  2            36.0     -0.1234  0.4075   -0.1119 
1        TN4a       2,3                  O,C                  3            36.0     -0.1711  0.1986   0.0190  
2        SN4a       4,5,6                O,C,O                2            54.0     -0.3319  0.0547   -0.0081 
3        SC5        7,13,14              C,C,C                5            54.0     -0.5279  -0.2185  -0.1306 
4        TC3        8,9                  C,C                  2            36.0     -0.2761  -0.3056  -0.0297 
5        SC4        10,11,12             C,C,C                2            54.0     -0.4077  -0.4350  -0.2574 
6        SC4        15,32,33             C,C,C                4            54.0     -0.7670  -0.1644  0.0454  
7        TC3        16,17                C,C                  2            36.0     -0.7934  0.0276   -0.2407 
8        SC4        18,30,31             C,C,C                4            54.0     -0.7795  0.1486   0.0118  
9        SC4        19,20,27             C,C,C                4            54.0     -1.0311  0.2579   -0.0403 
10       TC3        21,22                C,C                  2            36.0     -1.2240  0.1413   -0.1747 
11       TN6a       23,24                C,O                  2            36.0     -1.3581  0.3011   -0.0087 
12       TC4        25,26                C,C                  2            36.0     -1.2747  0.2519   0.2107  
13       TC3        28,29                C,C                  2            36.0     -0.9238  0.1502   0.2290  
14       SN6        34,35,36             C,C,O                2            54.0     -0.5283  -0.1299  0.1942  
15       TN6        37,38                C,O                  3            36.0     -0.0205  0.1122   0.1606  
16       TN4a       39,40                C,O                  3            36.0     0.0076   -0.1125  0.1512  
17       TC4        41,42                C,C                  2            36.0     0.1983   -0.2598  -0.0603 
18       TN6        43,44                C,O                  3            36.0     0.3338   -0.2279  0.1469  
19       SN4a       45,46,47             C,O,C                3            54.0     0.5995   -0.1171  0.1782  
20       TN6        48,49                C,O                  2            36.0     0.6334   0.1448   0.1089  
21       TN6        50,51                C,O                  3            36.0     0.6838   -0.0008  -0.0749 
22       SN4a       52,53,54             C,O,C                3            54.0     0.9502   -0.1297  -0.1437 
23       TN6        55,56                C,O                  3            36.0     1.1786   -0.0236  -0.1773 
24       SN4a       57,58,59             C,O,C                3            54.0     1.4329   -0.1098  -0.0860 
25       TN6        60,61                C,O                  2            36.0     1.6382   -0.1011  0.0594  
26       TN6        62,63                C,O                  2            36.0     1.6052   0.1280   -0.0079 
27       TN6        64,65                C,O                  2            36.0     1.3922   0.1839   0.0417  
28       TN6        66,67                C,O                  2            36.0     1.0626   0.1218   -0.3269 
29       TN6        68,69                C,O                  2            36.0     0.9046   0.1264   -0.1587 
30       TN6        70,71                C,O                  2            36.0     0.5577   -0.1754  -0.1005 
31       TN6        72,73                C,O                  2            36.0     0.2104   -0.2743  0.3283  
32       TN6        74,75                C,O                  2            36.0     0.1704   -0.0145  0.3326  
33       TN6        76,77                C,O                  2            36.0     0.0236   0.3269   0.2074  
34       TN6        78,79                C,O                  2            36.0     0.1267   0.3735   -0.0407 

Bead connections
--------------------------------------------------------------------------------
index    to_idx   bond    
0        1        1.0     
0        34       1.0     
1        2        1.0     
1        15       1.0     
2        3        1.0     
3        4        1.0     
3        5        1.0     
3        6        1.0     
3        14       1.0     
4        5        1.0     
6        7        2.0     
6        8        1.0     
6        14       1.0     
7        8        1.0     
8        9        1.0     
8        13       1.0     
9        10       1.0     
9        12       1.0     
9        13       1.0     
10       11       1.0     
11       12       1.0     
15       16       1.0     
15       33       1.0     
16       17       1.0     
16       32       1.0     
17       18       1.0     
18       19       1.0     
18       31       1.0     
19       20       1.0     
19       30       1.0     
20       21       1.0     
21       22       1.0     
21       30       1.0     
22       23       1.0     
22       29       1.0     
23       24       1.0     
23       28       1.0     
24       25       1.0     
24       27       1.0     
25       26       1.0     
26       27       1.0     
28       29       1.0     
31       32       1.0     
33       34       1.0     