Compound: TPCN05162
SMILES:   CC1OC(OC2C(OC3CCC4(C)C(CCC5(C)C4CCC9=C6C(=O)C(C)(C)CCC6(C(=O)OC%10OC(CO)C(O)C(O)C%10O)CCC95C)C3(C)C)OC(CO)C(O)C2OC7OC(CO)C(O)C(O)C7OC8OC(CO)C(O)C(O)C8O)C(O)C(O)C1O

All beads
--------------------------------------------------------------------------------
index    bead_type  atoms_idx            atoms_elem           #conns       mass     x        y        z       
0        TC4        0,1                  C,C                  2            36.0     -0.2025  -0.1686  -0.4162 
1        TN4a       2,3                  O,C                  3            36.0     -0.3411  0.0462   -0.2308 
2        TN6        4,5                  O,C                  3            36.0     -0.4514  0.0387   -0.0427 
3        TN6        6,7                  C,O                  3            36.0     -0.2721  0.0121   0.0738  
4        SC3        8,9,10               C,C,C                3            54.0     0.0217   -0.1160  0.0620  
5        SC4        11,12,13             C,C,C                4            54.0     0.1969   0.0727   0.1779  
6        TC3        14,15                C,C                  2            36.0     0.2599   0.0030   -0.1903 
7        SC4        16,17,18             C,C,C                4            54.0     0.4222   -0.1655  -0.0122 
8        TC3        19,20                C,C                  2            36.0     0.5390   -0.1093  0.2146  
9        SC4        21,47,48             C,C,C                4            54.0     0.6395   -0.0924  -0.1532 
10       TC5        22,30                C,C                  5            36.0     0.7808   0.1127   -0.0173 
11       TN6a       23,24                C,O                  2            36.0     0.8782   0.0031   0.1747  
12       SC4        25,26,27             C,C,C                2            54.0     0.9126   0.2051   0.3084  
13       TC3        28,29                C,C                  2            36.0     0.8928   0.3267   0.0422  
14       SN4a       31,32,33             C,O,O                2            54.0     0.9574   0.0959   -0.1686 
15       SN4a       34,35,36             C,O,C                4            54.0     1.0631   -0.1627  -0.1395 
16       TP1        37,38                C,O                  1            36.0     1.1420   -0.4524  -0.0429 
17       TN6        39,40                C,O                  2            36.0     1.2105   -0.1918  0.1190  
18       TN6        41,42                C,O                  2            36.0     1.3543   -0.0782  -0.0255 
19       TN6        43,44                C,O                  2            36.0     1.2532   0.0648   -0.1622 
20       TC3        45,46                C,C                  2            36.0     0.6013   0.1761   -0.1852 
21       SC4        49,50,51             C,C,C                2            54.0     -0.0263  0.2324   -0.0198 
22       TN4a       52,53                O,C                  3            36.0     -0.3639  -0.1722  0.1778  
23       TP1        54,55                C,O                  1            36.0     -0.3442  -0.3769  0.2355  
24       TN6        56,57                C,O                  2            36.0     -0.6098  -0.2261  0.1394  
25       TN6        58,59                C,O                  3            36.0     -0.5992  -0.0037  0.1040  
26       SN4a       60,61,62             C,O,C                4            54.0     -0.7233  0.2373   -0.0258 
27       TP1        63,64                C,O                  1            36.0     -0.7235  0.4760   0.0613  
28       TN6        65,66                C,O                  2            36.0     -0.9813  0.3564   -0.1029 
29       TN6        67,68                C,O                  2            36.0     -0.9852  0.0962   -0.1143 
30       TN6        69,70                C,O                  3            36.0     -0.9130  0.0951   0.1010  
31       SN4a       71,72,73             C,O,C                4            54.0     -1.1847  -0.0422  0.1205  
32       TP1        74,75                C,O                  1            36.0     -1.3671  0.1196   0.0683  
33       TN6        76,77                C,O                  2            36.0     -1.3671  -0.0866  0.2855  
34       TN6        78,79                C,O                  2            36.0     -1.2247  -0.2043  0.3893  
35       TN6        80,81                C,O                  2            36.0     -1.0171  -0.1848  0.2523  
36       TN6        82,83                C,O                  2            36.0     -0.5305  0.1153   -0.3755 
37       TN6        84,85                C,O                  2            36.0     -0.5225  -0.0750  -0.4891 
38       TN6        86,87                C,O                  2            36.0     -0.4657  -0.2695  -0.3947 

Bead connections
--------------------------------------------------------------------------------
index    to_idx   bond    
0        1        1.0     
0        38       1.0     
1        2        1.0     
1        36       1.0     
2        3        1.0     
2        25       1.0     
3        4        1.0     
3        22       1.0     
4        5        1.0     
4        21       1.0     
5        6        1.0     
5        7        1.0     
5        21       1.0     
6        7        1.0     
7        8        1.0     
7        9        1.0     
8        9        1.0     
9        10       2.0     
9        20       1.0     
10       11       1.0     
10       13       1.0     
10       14       1.0     
10       20       1.0     
11       12       1.0     
12       13       1.0     
14       15       1.0     
15       16       1.0     
15       17       1.0     
15       19       1.0     
17       18       1.0     
18       19       1.0     
22       23       1.0     
22       24       1.0     
24       25       1.0     
25       26       1.0     
26       27       1.0     
26       28       1.0     
26       30       1.0     
28       29       1.0     
29       30       1.0     
30       31       1.0     
31       32       1.0     
31       33       1.0     
31       35       1.0     
33       34       1.0     
34       35       1.0     
36       37       1.0     
37       38       1.0     