Compound: TPCN04019
SMILES:   CC1OC(OC2C(OC3CCC4(C)C(CCC5(C)C4CC=C%10C6C(O)C(C)(C)CCC6(C(=O)OC%11OC(COC7OC(CO)C(O)C(O)C7O)C(O)C(O)C%11O)CCC%105C)C3(C)C)OCC(O)C2O)C(O)C(OC8OCC(OC9OC(CO)C(O)C(O)C9O)C(O)C8O)C1O

All beads
--------------------------------------------------------------------------------
index    bead_type  atoms_idx            atoms_elem           #conns       mass     x        y        z       
0        TC4        0,1                  C,C                  2            36.0     0.7222   0.4631   -0.0724 
1        TN4a       2,3                  O,C                  3            36.0     0.6114   0.1845   -0.1229 
2        TN6        4,5                  O,C                  3            36.0     0.5555   0.0484   0.0061  
3        TN6        6,7                  C,O                  3            36.0     0.4305   -0.1202  0.0259  
4        SC3        8,9,10               C,C,C                3            54.0     0.1643   0.0440   0.0644  
5        SC4        11,12,13             C,C,C                4            54.0     0.0156   -0.0673  -0.1189 
6        TC3        14,15                C,C                  2            36.0     -0.1851  -0.2684  0.1175  
7        SC4        16,17,18             C,C,C                4            54.0     -0.2452  -0.1182  -0.0827 
8        TC3        19,20                C,C                  2            36.0     -0.2514  0.1788   -0.1038 
9        SC4        21,58,59             C,C,C                4            54.0     -0.4435  0.0301   0.1072  
10       TC5        22,30                C,C                  5            36.0     -0.5915  0.0306   -0.2102 
11       TN6        23,24                C,O                  2            36.0     -0.6096  0.2928   -0.1734 
12       SC4        25,26,27             C,C,C                2            54.0     -0.6931  0.2822   -0.4166 
13       TC3        28,29                C,C                  2            36.0     -0.8066  0.0151   -0.3470 
14       SN4a       31,32,33             C,O,O                2            54.0     -0.8120  0.0267   -0.0206 
15       SN4a       34,35,36             C,O,C                4            54.0     -1.1186  -0.0632  0.0131  
16       TN3r       37,38                C,O                  2            36.0     -1.1806  0.0183   0.2992  
17       SN4a       39,40,41             C,O,C                4            54.0     -1.4223  0.0292   0.0890  
18       TP1        42,43                C,O                  1            36.0     -1.5120  -0.2180  0.2156  
19       TN6        44,45                C,O                  2            36.0     -1.7205  0.0529   0.0982  
20       TN6        46,47                C,O                  2            36.0     -1.6673  0.1804   0.2731  
21       TN6        48,49                C,O                  2            36.0     -1.4592  0.2861   0.2428  
22       TN6        50,51                C,O                  2            36.0     -1.0538  -0.2405  0.2396  
23       TN6        52,53                C,O                  2            36.0     -1.0446  -0.3624  0.0045  
24       TN6        54,55                C,O                  2            36.0     -0.9788  -0.2147  -0.1550 
25       TC3        56,57                C,C                  2            36.0     -0.5802  -0.1967  -0.0636 
26       SC4        60,61,62             C,C,C                2            54.0     0.1536   -0.2591  0.1928  
27       TN4a       63,64                O,C                  2            36.0     0.6713   -0.2297  0.1132  
28       TN6        65,66                C,O                  2            36.0     0.6290   -0.1385  0.3178  
29       TN6        67,68                C,O                  2            36.0     0.5820   0.0812   0.2233  
30       TN6        69,70                C,O                  2            36.0     0.7049   0.1232   -0.3461 
31       SN6        71,93,94             C,C,O                3            54.0     0.8971   0.2987   -0.2677 
32       TN6        72,73                O,C                  3            36.0     1.0141   0.1140   -0.1331 
33       TN4a       74,75                O,C                  2            36.0     1.2028   0.1642   0.0490  
34       TN6        76,77                C,O                  3            36.0     1.2468   -0.0359  0.1229  
35       SN4a       78,79,80             C,O,C                4            54.0     1.5667   0.0694   0.0877  
36       TP1        81,82                C,O                  1            36.0     1.7164   0.1663   -0.0781 
37       TN6        83,84                C,O                  2            36.0     1.8114   -0.0539  0.1653  
38       TN6        85,86                C,O                  2            36.0     1.6129   -0.1595  0.2847  
39       TN6        87,88                C,O                  2            36.0     1.5447   -0.2333  0.0906  
40       TN6        89,90                C,O                  2            36.0     1.2539   -0.1569  -0.0848 
41       TN6        91,92                C,O                  2            36.0     1.0181   -0.1269  -0.0881 

Bead connections
--------------------------------------------------------------------------------
index    to_idx   bond    
0        1        1.0     
0        31       1.0     
1        2        1.0     
1        30       1.0     
2        3        1.0     
2        29       1.0     
3        4        1.0     
3        27       1.0     
4        5        1.0     
4        26       1.0     
5        6        1.0     
5        7        1.0     
5        26       1.0     
6        7        1.0     
7        8        1.0     
7        9        1.0     
8        9        2.0     
9        10       1.0     
9        25       1.0     
10       11       1.0     
10       13       1.0     
10       14       1.0     
10       25       1.0     
11       12       1.0     
12       13       1.0     
14       15       1.0     
15       16       1.0     
15       22       1.0     
15       24       1.0     
16       17       1.0     
17       18       1.0     
17       19       1.0     
17       21       1.0     
19       20       1.0     
20       21       1.0     
22       23       1.0     
23       24       1.0     
27       28       1.0     
28       29       1.0     
30       31       1.0     
31       32       1.0     
32       33       1.0     
32       41       1.0     
33       34       1.0     
34       35       1.0     
34       40       1.0     
35       36       1.0     
35       37       1.0     
35       39       1.0     
37       38       1.0     
38       39       1.0     
40       41       1.0     