Compound: TPCN05357
SMILES:   CC1OC(OCC2OC(OC3C(O)C(CO)OC(OC4C(CO)OC(OC5COC(OC6C(O)C(C)OC(OC7C(OC8CCC9(C)C(CCC%10(C)C9CC=C%14C%11CC(C)(C)CCC%11(C(=O)OC%15OC(COC%12OC(CO)C(OC%13OC(C)C(O)C(O)C%13O)C(O)C%12O)C(O)C(O)C%15O)CCC%14%10C)C8(C)CO)OCC(O)C7O)C6O)C(O)C5O)C(O)C4O)C3O)C(O)C(O)C2O)C(O)C(O)C1O

All beads
--------------------------------------------------------------------------------
index    bead_type  atoms_idx            atoms_elem           #conns       mass     x        y        z       
0        TC4        0,1                  C,C                  2            36.0     -2.4183  -0.0981  -0.0818 
1        TN4a       2,3                  O,C                  3            36.0     -2.1813  0.0148   0.0511  
2        TN3r       4,5                  O,C                  2            36.0     -1.9676  0.0523   0.1415  
3        TN4a       6,7                  C,O                  3            36.0     -1.7592  0.0936   0.1214  
4        TN6        8,9                  C,O                  3            36.0     -1.6332  0.1877   -0.0771 
5        SN6        10,123,124           C,C,O                3            54.0     -1.3473  0.2688   -0.0539 
6        TN6        11,12                C,O                  2            36.0     -1.4567  0.2639   0.2208  
7        TN4a       13,16                C,O                  3            36.0     -1.3053  0.0834   0.1695  
8        TP1        14,15                C,O                  1            36.0     -1.4073  -0.0134  0.3390  
9        TN6        17,18                C,O                  3            36.0     -1.2466  0.0257   -0.0510 
10       SN6        19,121,122           C,C,O                3            54.0     -1.2234  -0.1299  -0.3019 
11       TN4a       20,23                C,O                  3            36.0     -1.1435  -0.2676  -0.0514 
12       TP1        21,22                C,O                  1            36.0     -1.3562  -0.3384  0.0143  
13       TN6        24,25                C,O                  3            36.0     -0.9715  -0.3184  -0.2154 
14       SN6        26,117,118           C,C,O                3            54.0     -0.8523  -0.3428  -0.0134 
15       TN4a       27,28                C,O                  2            36.0     -0.6774  -0.1472  -0.1058 
16       TN6        29,30                C,O                  3            36.0     -0.5784  -0.2446  0.1162  
17       SN6        31,113,114           C,C,O                3            54.0     -0.3826  -0.1165  0.1881  
18       TN6        32,33                C,O                  2            36.0     -0.3993  -0.3792  0.3482  
19       TC4        34,35                C,C                  2            36.0     -0.2203  -0.2473  0.5118  
20       TN4a       36,37                O,C                  3            36.0     -0.3261  -0.0093  0.3652  
21       TN6        38,39                O,C                  3            36.0     -0.1405  0.0868   0.2763  
22       TN6        40,41                C,O                  3            36.0     0.0584   0.0933   0.2037  
23       SC3        42,43,44             C,C,C                3            54.0     0.2563   0.0615   -0.0285 
24       SC4        45,46,47             C,C,C                4            54.0     0.3390   0.2751   -0.2065 
25       TC3        48,49                C,C                  2            36.0     0.5810   0.2249   0.0797  
26       SC4        50,51,52             C,C,C                4            54.0     0.6443   0.3452   -0.1710 
27       TC3        53,54                C,C                  2            36.0     0.6048   -0.0091  -0.2830 
28       SC4        55,101,102           C,C,C                4            54.0     0.8336   0.1826   -0.2913 
29       SC5        56,57,63             C,C,C                5            54.0     0.8898   -0.1303  -0.0802 
30       SC4        58,59,60             C,C,C                2            54.0     0.9646   -0.3485  0.0766  
31       TC3        61,62                C,C                  2            36.0     1.1654   -0.1601  -0.0226 
32       SN4a       64,65,66             C,O,O                2            54.0     1.0866   -0.0682  -0.3106 
33       SN4a       67,68,69             C,O,C                4            54.0     1.3370   -0.0236  -0.4235 
34       TN3r       70,71                C,O                  2            36.0     1.6160   0.0720   -0.4349 
35       SN4a       72,73,74             C,O,C                4            54.0     1.6184   -0.0436  -0.1204 
36       TP1        75,76                C,O                  1            36.0     1.5560   -0.2725  0.0920  
37       TN6        77,78                C,O                  3            36.0     1.7968   -0.1068  0.0620  
38       TN4a       79,80                C,O                  3            36.0     1.9386   -0.0876  0.2172  
39       TC4        81,82                C,C                  2            36.0     2.1835   0.0675   0.2864  
40       TN6        83,84                C,O                  2            36.0     2.1624   -0.1531  0.4546  
41       TN6        85,86                C,O                  2            36.0     1.9746   -0.0636  0.5451  
42       TN6        87,88                C,O                  2            36.0     1.8306   -0.2009  0.3811  
43       TN6        89,90                C,O                  2            36.0     1.8981   0.0855   -0.0395 
44       TN6        91,92                C,O                  2            36.0     1.8792   -0.0010  -0.2508 
45       TN6        93,94                C,O                  2            36.0     1.3776   0.2754   -0.4973 
46       TN6        95,96                C,O                  2            36.0     1.2677   0.1934   -0.6708 
47       TN6        97,98                C,O                  2            36.0     1.1433   -0.0003  -0.6049 
48       TC3        99,100               C,C                  2            36.0     1.0128   0.2080   -0.0894 
49       TC4        103,104              C,C                  3            36.0     0.2693   0.3875   0.1732  
50       TP1        105,106              C,O                  1            36.0     0.0958   0.4258   -0.0465 
51       TN4a       107,108              O,C                  2            36.0     0.1155   0.1043   0.4680  
52       TN6        109,110              C,O                  2            36.0     -0.0274  0.2356   0.5913  
53       TN6        111,112              C,O                  2            36.0     -0.1847  0.2811   0.3801  
54       TN6        115,116              C,O                  2            36.0     -0.6557  -0.4409  0.0477  
55       TN6        119,120              C,O                  2            36.0     -1.0558  -0.2320  -0.3907 
56       TN6        125,126              C,O                  2            36.0     -1.7970  0.0990   -0.2366 
57       TN6        127,128              C,O                  2            36.0     -1.8007  -0.1147  -0.1753 
58       TN6        129,130              C,O                  2            36.0     -1.7359  -0.1396  0.0843  
59       TN6        131,132              C,O                  2            36.0     -2.2026  0.2405   0.1035  
60       TN6        133,134              C,O                  2            36.0     -2.2108  0.2634   -0.1599 
61       TN6        135,136              C,O                  2            36.0     -2.4235  0.1504   -0.1910 

Bead connections
--------------------------------------------------------------------------------
index    to_idx   bond    
0        1        1.0     
0        61       1.0     
1        2        1.0     
1        59       1.0     
2        3        1.0     
3        4        1.0     
3        58       1.0     
4        5        1.0     
4        56       1.0     
5        6        1.0     
5        9        1.0     
6        7        1.0     
7        8        1.0     
7        9        1.0     
9        10       1.0     
10       11       1.0     
10       55       1.0     
11       12       1.0     
11       13       1.0     
13       14       1.0     
13       55       1.0     
14       15       1.0     
14       54       1.0     
15       16       1.0     
16       17       1.0     
16       54       1.0     
17       18       1.0     
17       20       1.0     
18       19       1.0     
19       20       1.0     
20       21       1.0     
21       22       1.0     
21       53       1.0     
22       23       1.0     
22       51       1.0     
23       24       1.0     
23       49       1.0     
24       25       1.0     
24       26       1.0     
24       49       1.0     
25       26       1.0     
26       27       1.0     
26       28       1.0     
27       28       2.0     
28       29       1.0     
28       48       1.0     
29       30       1.0     
29       31       1.0     
29       32       1.0     
29       48       1.0     
30       31       1.0     
32       33       1.0     
33       34       1.0     
33       45       1.0     
33       47       1.0     
34       35       1.0     
35       36       1.0     
35       37       1.0     
35       44       1.0     
37       38       1.0     
37       43       1.0     
38       39       1.0     
38       42       1.0     
39       40       1.0     
40       41       1.0     
41       42       1.0     
43       44       1.0     
45       46       1.0     
46       47       1.0     
49       50       1.0     
51       52       1.0     
52       53       1.0     
56       57       1.0     
57       58       1.0     
59       60       1.0     
60       61       1.0     