Compound: TPCN05740
SMILES:   CC1OC(OC2CCC3(C)C(CCC4(C)C3C=CC95OCC6(CCC(C)(CO)CC69)C(O)CC45C)C2(C)CO)C(OC7OC(CO)C(O)C(O)C7O)C(OC8OC(CO)C(O)C(O)C8O)C1O

All beads
--------------------------------------------------------------------------------
index    bead_type  atoms_idx            atoms_elem           #conns       mass     x        y        z       
0        TC4        0,1                  C,C                  2            36.0     -0.4283  -0.3680  -0.2726 
1        TN4a       2,3                  O,C                  3            36.0     -0.3026  -0.2638  0.0046  
2        TN6        4,5                  O,C                  3            36.0     -0.1304  -0.1343  -0.0043 
3        TC3        6,7                  C,C                  2            36.0     0.0840   -0.2061  -0.1136 
4        SC4        8,9,10               C,C,C                4            54.0     0.1632   -0.0578  0.1395  
5        TC3        11,12                C,C                  2            36.0     0.2217   0.1821   -0.1368 
6        SC4        13,14,15             C,C,C                4            54.0     0.3771   -0.0478  -0.1697 
7        TC5        16,17                C,C                  2            36.0     0.4767   0.0561   0.1816  
8        SC4        18,33,34             C,C,C                5            54.0     0.5838   0.2037   -0.0733 
9        TN2a       19                   O                    2            36.0     0.6298   -0.1233  -0.0088 
10       SC3        20,21,29             C,C,C                5            54.0     0.7885   -0.0983  -0.0150 
11       TC3        22,23                C,C                  2            36.0     1.0555   0.0104   -0.0433 
12       SC4        24,25,28             C,C,C                3            54.0     0.9639   0.2747   0.0953  
13       TP1        26,27                C,O                  1            36.0     1.0363   0.0680   0.2867  
14       SN6        30,31,32             C,O,C                2            54.0     0.7562   0.0540   -0.2720 
15       TC4        35,36                C,C                  3            36.0     -0.1257  0.1271   -0.0820 
16       TP1        37,38                C,O                  1            36.0     -0.1207  0.0722   0.2154  
17       TC3        39,52                C,C                  4            36.0     -0.4989  -0.0937  0.0254  
18       TN6        40,41                O,C                  3            36.0     -0.5253  -0.1295  0.2246  
19       TN4a       42,43                O,C                  3            36.0     -0.7357  -0.0889  0.3151  
20       TP1        44,45                C,O                  1            36.0     -0.9457  -0.1039  0.2513  
21       TN6        46,47                C,O                  2            36.0     -0.8194  -0.2445  0.5076  
22       TN6        48,49                C,O                  2            36.0     -0.6156  -0.3640  0.4554  
23       TN6        50,51                C,O                  2            36.0     -0.4556  -0.2195  0.4078  
24       TN6        53,54                O,C                  3            36.0     -0.5972  0.0375   -0.1581 
25       TN4a       55,56                O,C                  3            36.0     -0.6788  0.1680   -0.3277 
26       TP1        57,58                C,O                  1            36.0     -0.6388  0.2213   -0.5311 
27       TN6        59,60                C,O                  2            36.0     -0.7534  0.3808   -0.2787 
28       TN6        61,62                C,O                  2            36.0     -0.7477  0.3409   -0.0429 
29       TN6        63,64                C,O                  2            36.0     -0.5465  0.2276   -0.0536 
30       TN6        65,66                C,O                  2            36.0     -0.6310  -0.2702  -0.1216 

Bead connections
--------------------------------------------------------------------------------
index    to_idx   bond    
0        1        1.0     
0        30       1.0     
1        2        1.0     
1        17       1.0     
2        3        1.0     
2        15       1.0     
3        4        1.0     
4        5        1.0     
4        6        1.0     
4        15       1.0     
5        6        1.0     
6        7        1.0     
6        8        1.0     
7        8        1.0     
8        9        1.0     
8        10       1.0     
8        14       1.0     
9        10       1.0     
10       11       1.0     
10       12       1.0     
10       14       1.0     
11       12       1.0     
12       13       1.0     
15       16       1.0     
17       18       1.0     
17       24       1.0     
17       30       1.0     
18       19       1.0     
18       23       1.0     
19       20       1.0     
19       21       1.0     
21       22       1.0     
22       23       1.0     
24       25       1.0     
24       29       1.0     
25       26       1.0     
25       27       1.0     
27       28       1.0     
28       29       1.0     