Compound: TPCN04163
SMILES:   CC1OC(OC2C(OC3CCC4(C)C(CCC5(C)C4CC=C9C6CC(C)(C)CCC6(C(=O)O)CCC95C)C3(C)CO)OCC(O)C2O)C(O)C(OC7OC(CO)C(OC8OC(CO)C(O)C(O)C8O)C(O)C7O)C1O

All beads
--------------------------------------------------------------------------------
index    bead_type  atoms_idx            atoms_elem           #conns       mass     x        y        z       
0        TC4        0,1                  C,C                  2            36.0     0.6189   -0.3909  0.0196  
1        TN4a       2,3                  O,C                  3            36.0     0.4369   -0.1749  -0.1370 
2        TN6        4,5                  O,C                  3            36.0     0.2161   -0.2030  -0.1649 
3        TN6        6,7                  C,O                  3            36.0     0.0216   -0.2491  -0.1140 
4        SC3        8,9,10               C,C,C                3            54.0     -0.1813  -0.0325  -0.0228 
5        SC4        11,12,13             C,C,C                4            54.0     -0.4377  -0.0214  -0.0933 
6        TC3        14,15                C,C                  2            36.0     -0.5931  -0.2777  -0.0135 
7        SC4        16,17,18             C,C,C                4            54.0     -0.6055  -0.0991  0.2364  
8        TC3        19,20                C,C                  2            36.0     -0.5621  0.1877   0.1621  
9        SC4        21,35,36             C,C,C                4            54.0     -0.8724  -0.0484  0.1253  
10       SC5        22,23,29             C,C,C                5            54.0     -0.9438  0.2079   0.0447  
11       SC4        24,25,26             C,C,C                2            54.0     -1.1587  0.3750   0.1052  
12       TC3        27,28                C,C                  2            36.0     -1.0738  0.3108   -0.1705 
13       SP2        30,31,32             C,O,O                1            54.0     -0.7360  0.2251   -0.2871 
14       TC3        33,34                C,C                  2            36.0     -0.8622  -0.0450  -0.1455 
15       TC4        37,38                C,C                  3            36.0     -0.3181  -0.1737  -0.2931 
16       TP1        39,40                C,O                  1            36.0     -0.2752  -0.4371  -0.1496 
17       TN4a       41,42                O,C                  2            36.0     0.1172   -0.5028  -0.1437 
18       TN6        43,44                C,O                  2            36.0     0.2798   -0.5109  -0.3263 
19       TN6        45,46                C,O                  2            36.0     0.1994   -0.2626  -0.3838 
20       TN6        47,48                C,O                  2            36.0     0.3174   -0.0221  0.0120  
21       SN6        49,73,74             C,C,O                3            54.0     0.5152   -0.2135  0.1767  
22       TN6        50,51                O,C                  3            36.0     0.5196   0.0908   0.2559  
23       TN4a       52,53                O,C                  3            36.0     0.6337   0.2561   0.1349  
24       TP1        54,55                C,O                  1            36.0     0.6457   0.3502   -0.0731 
25       TN6        56,57                C,O                  3            36.0     0.8526   0.2179   0.1270  
26       SN4a       58,59,60             C,O,C                4            54.0     1.1264   0.1886   0.0883  
27       TP1        61,62                C,O                  1            36.0     1.1369   -0.0557  0.0275  
28       TN6        63,64                C,O                  2            36.0     1.3247   0.1873   -0.0664 
29       TN6        65,66                C,O                  2            36.0     1.2963   0.4176   0.0080  
30       TN6        67,68                C,O                  2            36.0     1.0610   0.4128   -0.0582 
31       TN6        69,70                C,O                  2            36.0     0.8675   0.1178   0.3320  
32       TN6        71,72                C,O                  2            36.0     0.6827   0.0268   0.3661  

Bead connections
--------------------------------------------------------------------------------
index    to_idx   bond    
0        1        1.0     
0        21       1.0     
1        2        1.0     
1        20       1.0     
2        3        1.0     
2        19       1.0     
3        4        1.0     
3        17       1.0     
4        5        1.0     
4        15       1.0     
5        6        1.0     
5        7        1.0     
5        15       1.0     
6        7        1.0     
7        8        1.0     
7        9        1.0     
8        9        2.0     
9        10       1.0     
9        14       1.0     
10       11       1.0     
10       12       1.0     
10       13       1.0     
10       14       1.0     
11       12       1.0     
15       16       1.0     
17       18       1.0     
18       19       1.0     
20       21       1.0     
21       22       1.0     
22       23       1.0     
22       32       1.0     
23       24       1.0     
23       25       1.0     
25       26       1.0     
25       31       1.0     
26       27       1.0     
26       28       1.0     
26       30       1.0     
28       29       1.0     
29       30       1.0     
31       32       1.0     