Compound: TPCN04293
SMILES:   CC1OC(OC2C(CO)OC(OCC3OC(OC(=O)C45CCC(C)(C)CC4C%10=CCC6C7(C)CCC(OC8OCC(O)C(O)C8OC%11OC(C)C(O)C(OC9OCC(O)C(O)C9O)C%11O)C(C)(CO)C7CCC6(C)C%10(C)CC5)C(O)C(O)C3O)C(O)C2O)C(O)C(O)C1O

All beads
--------------------------------------------------------------------------------
index    bead_type  atoms_idx            atoms_elem           #conns       mass     x        y        z       
0        TC4        0,1                  C,C                  2            36.0     1.7212   -0.1681  0.1397  
1        TN4a       2,3                  O,C                  3            36.0     1.5509   0.0695   0.0961  
2        TN6        4,5                  O,C                  3            36.0     1.3645   0.0719   0.0304  
3        SN4a       6,9,10               C,O,C                4            54.0     1.1047   0.0328   0.0149  
4        TP1        7,8                  C,O                  1            36.0     1.2496   -0.1300  0.2074  
5        TN3r       11,12                O,C                  2            36.0     0.8472   0.2437   -0.0241 
6        SN4a       13,14,15             C,O,C                4            54.0     0.6084   0.0837   0.0386  
7        SN4a       16,17,18             O,C,O                2            54.0     0.3728   -0.0831  0.0263  
8        SC5        19,25,26             C,C,C                5            54.0     0.1612   -0.2861  -0.1772 
9        TC3        20,21                C,C                  2            36.0     0.4289   -0.3040  -0.2061 
10       SC4        22,23,24             C,C,C                2            54.0     0.2574   -0.5367  -0.2614 
11       SC4        27,74,75             C,C,C                4            54.0     -0.0312  -0.0744  -0.2663 
12       TC3        28,29                C,C                  2            36.0     -0.1513  -0.2284  0.0327  
13       SC4        30,72,73             C,C,C                4            54.0     -0.1130  0.0425   0.0137  
14       SC4        31,32,69             C,C,C                4            54.0     -0.4644  -0.0045  -0.0899 
15       TC3        33,34                C,C                  2            36.0     -0.4784  -0.0028  0.1978  
16       TN6        35,36                C,O                  3            36.0     -0.6624  0.1585   0.0987  
17       SN4a       37,38,39             C,O,C                3            54.0     -0.8563  0.3685   0.1712  
18       TN6        40,41                C,O                  2            36.0     -1.0493  0.4100   0.3628  
19       TN6        42,43                C,O                  2            36.0     -0.9536  0.1824   0.3659  
20       TN6        44,45                C,O                  3            36.0     -0.9739  0.1204   0.1489  
21       TN4a       46,47                C,O                  3            36.0     -1.0411  0.0521   -0.0536 
22       TC4        48,49                C,C                  2            36.0     -1.2046  0.2903   -0.1567 
23       TN6        50,51                C,O                  2            36.0     -1.4016  0.1570   -0.0296 
24       SN6        52,63,64             C,C,O                3            54.0     -1.2023  -0.0951  -0.0100 
25       TN6        53,54                O,C                  3            36.0     -1.5026  -0.1299  0.0512  
26       TN4a       55,56                O,C                  2            36.0     -1.6609  -0.1585  -0.1613 
27       TN6        57,58                C,O                  2            36.0     -1.5882  -0.3461  -0.2793 
28       TN6        59,60                C,O                  2            36.0     -1.5255  -0.4592  -0.0778 
29       TN6        61,62                C,O                  2            36.0     -1.4244  -0.3236  0.0569  
30       TC4        65,66                C,C                  3            36.0     -0.5716  0.3518   -0.0381 
31       TP1        67,68                C,O                  1            36.0     -0.4361  0.3591   0.2186  
32       TC3        70,71                C,C                  2            36.0     -0.2076  0.2390   -0.1179 
33       TC3        76,77                C,C                  2            36.0     0.2048   0.0449   -0.2069 
34       TN6        78,79                C,O                  2            36.0     0.6447   -0.1786  0.1501  
35       TN6        80,81                C,O                  2            36.0     0.7881   -0.1718  -0.0504 
36       TN6        82,83                C,O                  2            36.0     0.7554   0.0019   -0.2037 
37       TN6        84,85                C,O                  2            36.0     1.1391   0.2945   0.0384  
38       TN6        86,87                C,O                  2            36.0     1.2664   0.1806   -0.1371 
39       TN6        88,89                C,O                  2            36.0     1.5522   0.2387   0.2679  
40       TN6        90,91                C,O                  2            36.0     1.7917   0.2440   0.1588  
41       TN6        92,93                C,O                  2            36.0     1.8607   0.0269   0.2583  

Bead connections
--------------------------------------------------------------------------------
index    to_idx   bond    
0        1        1.0     
0        41       1.0     
1        2        1.0     
1        39       1.0     
2        3        1.0     
2        38       1.0     
3        4        1.0     
3        5        1.0     
3        37       1.0     
5        6        1.0     
6        7        1.0     
6        34       1.0     
6        36       1.0     
7        8        1.0     
8        9        1.0     
8        10       1.0     
8        11       1.0     
8        33       1.0     
9        10       1.0     
11       12       2.0     
11       13       1.0     
11       33       1.0     
12       13       1.0     
13       14       1.0     
13       32       1.0     
14       15       1.0     
14       30       1.0     
14       32       1.0     
15       16       1.0     
16       17       1.0     
16       30       1.0     
17       18       1.0     
17       20       1.0     
18       19       1.0     
19       20       1.0     
20       21       1.0     
21       22       1.0     
21       24       1.0     
22       23       1.0     
23       24       1.0     
24       25       1.0     
25       26       1.0     
25       29       1.0     
26       27       1.0     
27       28       1.0     
28       29       1.0     
30       31       1.0     
34       35       1.0     
35       36       1.0     
37       38       1.0     
39       40       1.0     
40       41       1.0     