Compound: TPCN03888
SMILES:   C=CC(C)(O)CCC=C(C)C(=O)OC1C(OC(C)(C=C)CCC=C(C)C(=O)OCC2OC(OC(=O)C34CCC(C)(C)CC3C9=CCC5C6(C)CCC(OC7OC(COC8OCC(O)C(O)C8OC%13OCC(O)C(O)C%13O)C(O)C(O)C7O)C(C)(C)C6CCC5(C)C9(C)CC4)C(OC%10OC(C)C(OC%11OCC(O)C(OC%12OCC(O)C(O)C%12O)C%11O)C(O)C%10O)C(OC(=O)C(C)=CCCC(C)(O)C=C)C2O)OCC(O)C1O

All beads
--------------------------------------------------------------------------------
index    bead_type  atoms_idx            atoms_elem           #conns       mass     x        y        z       
0        TC5        0,1                  C,C                  1            36.0     0.0000   0.0000   0.0000  
1        SP1        2,3,4                C,C,O                2            54.0     0.0000   0.0000   0.0000  
2        SC2        5,6,7                C,C,C                2            54.0     0.0000   0.0000   0.0000  
3        TC3        8,9                  C,C                  2            36.0     0.0000   0.0000   0.0000  
4        SN4a       10,11,12             C,O,O                2            54.0     0.0000   0.0000   0.0000  
5        TC3        13,14                C,C                  4            36.0     0.0000   0.0000   0.0000  
6        SN3r       15,16,17             O,C,C                3            54.0     0.0000   0.0000   0.0000  
7        TC5        18,19                C,C                  1            36.0     0.0000   0.0000   0.0000  
8        SC2        20,21,22             C,C,C                2            54.0     0.0000   0.0000   0.0000  
9        N6a        23,24,25,26          C,C,C,O              2            72.0     0.0000   0.0000   0.0000  
10       TN3r       27,28                O,C                  2            36.0     0.0000   0.0000   0.0000  
11       SN4a       29,30,31             C,O,C                4            54.0     0.0000   0.0000   0.0000  
12       SN4a       32,33,34             O,C,O                2            54.0     0.0000   0.0000   0.0000  
13       SC5        35,41,42             C,C,C                5            54.0     0.0000   0.0000   0.0000  
14       TC3        36,37                C,C                  2            36.0     0.0000   0.0000   0.0000  
15       SC4        38,39,40             C,C,C                2            54.0     0.0000   0.0000   0.0000  
16       SC4        43,90,91             C,C,C                4            54.0     0.0000   0.0000   0.0000  
17       TC3        44,45                C,C                  2            36.0     0.0000   0.0000   0.0000  
18       SC4        46,88,89             C,C,C                4            54.0     0.0000   0.0000   0.0000  
19       SC4        47,48,85             C,C,C                4            54.0     0.0000   0.0000   0.0000  
20       TC3        49,50                C,C                  2            36.0     0.0000   0.0000   0.0000  
21       TN6        51,52                C,O                  3            36.0     0.0000   0.0000   0.0000  
22       SN4a       53,54,55             C,O,C                4            54.0     0.0000   0.0000   0.0000  
23       TN3r       56,57                C,O                  2            36.0     0.0000   0.0000   0.0000  
24       SN4a       58,59,60             C,O,C                3            54.0     0.0000   0.0000   0.0000  
25       TN6        61,62                C,O                  2            36.0     0.0000   0.0000   0.0000  
26       TN6        63,64                C,O                  2            36.0     0.0000   0.0000   0.0000  
27       TN6        65,66                C,O                  3            36.0     0.0000   0.0000   0.0000  
28       SN4a       67,68,69             C,O,C                3            54.0     0.0000   0.0000   0.0000  
29       TN6        70,71                C,O                  2            36.0     0.0000   0.0000   0.0000  
30       TN6        72,73                C,O                  2            36.0     0.0000   0.0000   0.0000  
31       TN6        74,75                C,O                  2            36.0     0.0000   0.0000   0.0000  
32       TN6        76,77                C,O                  2            36.0     0.0000   0.0000   0.0000  
33       TN6        78,79                C,O                  2            36.0     0.0000   0.0000   0.0000  
34       TN6        80,81                C,O                  2            36.0     0.0000   0.0000   0.0000  
35       SC4        82,83,84             C,C,C                2            54.0     0.0000   0.0000   0.0000  
36       TC3        86,87                C,C                  2            36.0     0.0000   0.0000   0.0000  
37       TC3        92,93                C,C                  2            36.0     0.0000   0.0000   0.0000  
38       TN6        94,95                C,O                  3            36.0     0.0000   0.0000   0.0000  
39       TN4a       96,97                C,O                  3            36.0     0.0000   0.0000   0.0000  
40       TC4        98,99                C,C                  2            36.0     0.0000   0.0000   0.0000  
41       TN6        100,101              C,O                  3            36.0     0.0000   0.0000   0.0000  
42       SN4a       102,103,104          C,O,C                3            54.0     0.0000   0.0000   0.0000  
43       TN6        105,106              C,O                  2            36.0     0.0000   0.0000   0.0000  
44       TN6        107,108              C,O                  3            36.0     0.0000   0.0000   0.0000  
45       SN4a       109,110,111          C,O,C                3            54.0     0.0000   0.0000   0.0000  
46       TN6        112,113              C,O                  2            36.0     0.0000   0.0000   0.0000  
47       TN6        114,115              C,O                  2            36.0     0.0000   0.0000   0.0000  
48       TN6        116,117              C,O                  2            36.0     0.0000   0.0000   0.0000  
49       TN6        118,119              C,O                  2            36.0     0.0000   0.0000   0.0000  
50       TN6        120,121              C,O                  2            36.0     0.0000   0.0000   0.0000  
51       TN6        122,123              C,O                  2            36.0     0.0000   0.0000   0.0000  
52       SN6        124,138,139          C,C,O                3            54.0     0.0000   0.0000   0.0000  
53       SN4a       125,126,127          O,C,O                2            54.0     0.0000   0.0000   0.0000  
54       SC4        128,129,130          C,C,C                2            54.0     0.0000   0.0000   0.0000  
55       TC3        131,132              C,C                  2            36.0     0.0000   0.0000   0.0000  
56       SP1        133,134,135          C,C,O                2            54.0     0.0000   0.0000   0.0000  
57       TC5        136,137              C,C                  1            36.0     0.0000   0.0000   0.0000  
58       TN4a       140,141              O,C                  2            36.0     0.0000   0.0000   0.0000  
59       TN6        142,143              C,O                  2            36.0     0.0000   0.0000   0.0000  
60       TN6        144,145              C,O                  2            36.0     0.0000   0.0000   0.0000  

Bead connections
--------------------------------------------------------------------------------
index    to_idx   bond    
0        1        1.0     
1        2        1.0     
2        3        2.0     
3        4        1.0     
4        5        1.0     
5        6        1.0     
5        58       1.0     
5        60       1.0     
6        7        1.0     
6        8        1.0     
8        9        2.0     
9        10       1.0     
10       11       1.0     
11       12       1.0     
11       38       1.0     
11       52       1.0     
12       13       1.0     
13       14       1.0     
13       15       1.0     
13       16       1.0     
13       37       1.0     
14       15       1.0     
16       17       2.0     
16       18       1.0     
16       37       1.0     
17       18       1.0     
18       19       1.0     
18       36       1.0     
19       20       1.0     
19       35       1.0     
19       36       1.0     
20       21       1.0     
21       22       1.0     
21       35       1.0     
22       23       1.0     
22       32       1.0     
22       34       1.0     
23       24       1.0     
24       25       1.0     
24       27       1.0     
25       26       1.0     
26       27       1.0     
27       28       1.0     
28       29       1.0     
28       31       1.0     
29       30       1.0     
30       31       1.0     
32       33       1.0     
33       34       1.0     
38       39       1.0     
38       52       1.0     
39       40       1.0     
39       51       1.0     
40       41       1.0     
41       42       1.0     
41       50       1.0     
42       43       1.0     
42       49       1.0     
43       44       1.0     
44       45       1.0     
44       49       1.0     
45       46       1.0     
45       48       1.0     
46       47       1.0     
47       48       1.0     
50       51       1.0     
52       53       1.0     
53       54       1.0     
54       55       1.0     
55       56       1.0     
56       57       1.0     
58       59       1.0     
59       60       1.0     