Compound: TPCN05536
SMILES:   C=CC(C)(O)CCC=C(C)C(=O)OC1CC2(C(=O)OC3OC(CO)C(O)C(O)C3O)CCC8(C)C(=CCC4C5(C)CCC(OC6OCC(O)C(OC7OC(CO)C(O)C(O)C7OC%10OC(CO)C(O)C(O)C%10O)C6OC9OC(C)C(O)C(O)C9O)C(C)(C)C5CCC48C)C2CC1(C)C

All beads
--------------------------------------------------------------------------------
index    bead_type  atoms_idx            atoms_elem           #conns       mass     x        y        z       
0        TC5        0,1                  C,C                  1            36.0     1.1427   0.3903   -0.2930 
1        SP1        2,3,4                C,C,O                2            54.0     1.4192   0.3884   -0.3729 
2        SC2        5,6,7                C,C,C                2            54.0     1.2504   0.1139   -0.4266 
3        TC3        8,9                  C,C                  2            36.0     1.1069   -0.0738  -0.2534 
4        SN4a       10,11,12             C,O,O                2            54.0     0.8477   0.0404   -0.2987 
5        TC3        13,14                C,C                  3            36.0     0.6777   -0.1273  -0.1617 
6        SC5        15,93,94             C,C,C                5            54.0     0.5104   -0.0052  0.0195  
7        SN4a       16,17,18             C,O,O                2            54.0     0.5954   -0.2791  0.1315  
8        SN4a       19,20,21             C,O,C                4            54.0     0.8373   -0.2271  0.3684  
9        TP1        22,23                C,O                  1            36.0     0.8803   -0.3468  0.5829  
10       TN6        24,25                C,O                  2            36.0     1.1204   -0.2860  0.3692  
11       TN6        26,27                C,O                  2            36.0     0.9996   -0.4625  0.2443  
12       TN6        28,29                C,O                  2            36.0     0.8788   -0.3482  0.0879  
13       TC3        30,31                C,C                  2            36.0     0.3592   -0.3185  -0.0990 
14       SC4        32,33,34             C,C,C                4            54.0     0.1855   -0.1036  -0.0600 
15       TC3        35,36                C,C                  2            36.0     0.2421   0.0255   0.2679  
16       SC4        37,91,92             C,C,C                4            54.0     0.1602   -0.2582  0.2515  
17       SC4        38,39,88             C,C,C                4            54.0     -0.1407  -0.0469  0.2377  
18       TC3        40,41                C,C                  2            36.0     -0.0957  0.1584   0.0631  
19       TN6        42,43                C,O                  3            36.0     -0.3502  0.1063   0.0465  
20       SN4a       44,45,46             C,O,C                3            54.0     -0.4529  0.2817   -0.1667 
21       TN6        47,48                C,O                  2            36.0     -0.7088  0.3050   -0.2775 
22       TN6        49,50                C,O                  3            36.0     -0.7086  0.1397   -0.1193 
23       SN4a       51,52,53             C,O,C                4            54.0     -0.7781  -0.0830  -0.3190 
24       TP1        54,55                C,O                  1            36.0     -0.9264  -0.0229  -0.4930 
25       TN6        56,57                C,O                  2            36.0     -0.9413  -0.2919  -0.3269 
26       TN6        58,59                C,O                  2            36.0     -0.7053  -0.3402  -0.1805 
27       TN6        60,61                C,O                  3            36.0     -0.7766  -0.1652  -0.0597 
28       SN4a       62,63,64             C,O,C                4            54.0     -0.9516  -0.0244  0.1311  
29       TP1        65,66                C,O                  1            36.0     -1.1599  0.0447   -0.0479 
30       TN6        67,68                C,O                  2            36.0     -1.2128  -0.1171  0.1990  
31       TN6        69,70                C,O                  2            36.0     -1.1198  -0.3069  0.1404  
32       TN6        71,72                C,O                  2            36.0     -0.8950  -0.2653  0.2654  
33       TN6        73,74                C,O                  3            36.0     -0.6300  0.2548   0.0398  
34       TN4a       75,76                C,O                  3            36.0     -0.6954  0.3884   0.2066  
35       TC4        77,78                C,C                  2            36.0     -0.8030  0.6736   0.2705  
36       TN6        79,80                C,O                  2            36.0     -0.8522  0.6183   -0.0173 
37       TN6        81,82                C,O                  2            36.0     -1.0120  0.4373   0.0393  
38       TN6        83,84                C,O                  2            36.0     -0.9009  0.2976   0.2138  
39       SC4        85,86,87             C,C,C                2            54.0     -0.3701  -0.1360  0.0166  
40       TC3        89,90                C,C                  2            36.0     -0.0756  -0.3298  0.1017  
41       SC4        95,96,97             C,C,C                2            54.0     0.7426   0.1553   -0.0305 

Bead connections
--------------------------------------------------------------------------------
index    to_idx   bond    
0        1        1.0     
1        2        1.0     
2        3        2.0     
3        4        1.0     
4        5        1.0     
5        6        1.0     
5        41       1.0     
6        7        1.0     
6        13       1.0     
6        14       1.0     
6        41       1.0     
7        8        1.0     
8        9        1.0     
8        10       1.0     
8        12       1.0     
10       11       1.0     
11       12       1.0     
13       14       1.0     
14       15       2.0     
14       16       1.0     
15       16       1.0     
16       17       1.0     
16       40       1.0     
17       18       1.0     
17       39       1.0     
17       40       1.0     
18       19       1.0     
19       20       1.0     
19       39       1.0     
20       21       1.0     
20       33       1.0     
21       22       1.0     
22       23       1.0     
22       33       1.0     
23       24       1.0     
23       25       1.0     
23       27       1.0     
25       26       1.0     
26       27       1.0     
27       28       1.0     
28       29       1.0     
28       30       1.0     
28       32       1.0     
30       31       1.0     
31       32       1.0     
33       34       1.0     
34       35       1.0     
34       38       1.0     
35       36       1.0     
36       37       1.0     
37       38       1.0     