Compound: TPCN05167
SMILES:   CC(=O)OCC1OC(OC2C(O)C(OC3C(OC(=O)C45CCC(C)(C)CC4C%11=CCC6C7(C)CCC(OC8OC(C(=O)O)C(O)C(OC9OCC(O)C(O)C9O)C8OC%12OC(CO)C(O)C(O)C%12O)C(C)(C=O)C7CCC6(C)C%11(C)CC5O)OC(C)C(O)C3O)OC(C)C2OC%10OCC(O)C(O)C%10O)C(O)C(O)C1O

All beads
--------------------------------------------------------------------------------
index    bead_type  atoms_idx            atoms_elem           #conns       mass     x        y        z       
0        N4a        0,1,2,3,4            C,C,O,O,C            1            72.0     -1.3209  0.3486   -0.2691 
1        TN4a       5,6                  C,O                  3            36.0     -1.1215  0.1623   -0.1800 
2        TN6        7,8                  C,O                  3            36.0     -0.9100  0.1709   -0.0384 
3        TC3        9,93                 C,C                  4            36.0     -0.9329  0.0449   0.1692  
4        TN6        10,11                C,O                  2            36.0     -0.6759  0.0471   0.1290  
5        TN4a       12,90                C,O                  3            36.0     -0.8012  -0.1698  0.1864  
6        TN6        13,14                O,C                  3            36.0     -0.6667  -0.2994  0.0785  
7        TN4a       15,83                C,O                  3            36.0     -0.4999  -0.3847  -0.0437 
8        SN4a       16,17,18             O,C,O                2            54.0     -0.3712  -0.2031  -0.0717 
9        SC5        19,25,26             C,C,C                5            54.0     -0.2287  0.0368   -0.1513 
10       TC3        20,21                C,C                  2            36.0     -0.2826  0.0842   0.1364  
11       SC4        22,23,24             C,C,C                2            54.0     -0.3041  0.3131   -0.0466 
12       SC4        27,78,79             C,C,C                4            54.0     0.1055   -0.1277  -0.0940 
13       TC3        28,29                C,C                  2            36.0     0.1340   0.1367   -0.2386 
14       SC4        30,76,77             C,C,C                4            54.0     0.1914   0.1518   0.0930  
15       SC4        31,32,73             C,C,C                4            54.0     0.4617   0.1472   -0.1924 
16       TC3        33,34                C,C                  2            36.0     0.5815   0.2361   0.0469  
17       TN6        35,36                C,O                  3            36.0     0.7397   0.0389   0.0425  
18       SN4a       37,38,39             C,O,C                4            54.0     0.9272   -0.0170  0.2251  
19       SP2        40,41,42             C,O,O                1            54.0     1.0117   0.1326   0.5149  
20       TN6        43,44                C,O                  2            36.0     1.2029   0.0076   0.3084  
21       TN6        45,46                C,O                  3            36.0     1.1505   -0.1724  0.1575  
22       SN4a       47,48,49             C,O,C                3            54.0     1.4082   -0.3021  0.0835  
23       TN6        50,51                C,O                  2            36.0     1.5813   -0.3160  -0.1335 
24       TN6        52,53                C,O                  2            36.0     1.3814   -0.4135  -0.2258 
25       TN6        54,55                C,O                  2            36.0     1.1931   -0.3301  -0.1090 
26       TN6        56,57                C,O                  3            36.0     1.0649   -0.0552  0.0041  
27       SN4a       58,59,60             C,O,C                4            54.0     1.0528   0.1824   -0.1682 
28       TP1        61,62                C,O                  1            36.0     1.0586   0.3541   0.0590  
29       TN6        63,64                C,O                  2            36.0     1.2526   0.3933   -0.2091 
30       TN6        65,66                C,O                  2            36.0     1.2389   0.2130   -0.3874 
31       TN6        67,68                C,O                  2            36.0     1.3072   0.0321   -0.2158 
32       TC4        69,70                C,C                  3            36.0     0.6860   -0.1627  -0.1038 
33       TN4a       71,72                C,O                  1            36.0     0.7039   0.0455   -0.2728 
34       TC3        74,75                C,C                  2            36.0     0.3796   -0.1028  0.0872  
35       SN6        80,81,82             C,C,O                2            54.0     -0.0718  -0.1894  0.1257  
36       TC4        84,85                C,C                  2            36.0     -0.5639  -0.6076  -0.1340 
37       TN6        86,87                C,O                  2            36.0     -0.7070  -0.6463  0.0720  
38       TN6        88,89                C,O                  2            36.0     -0.7048  -0.4528  0.2131  
39       TC4        91,92                C,C                  2            36.0     -0.9590  -0.0928  0.4320  
40       TN6        94,95                O,C                  3            36.0     -1.1550  0.0596   0.2707  
41       TN4a       96,97                O,C                  2            36.0     -1.3244  0.0508   0.0658  
42       TN6        98,99                C,O                  2            36.0     -1.5189  0.0453   0.1967  
43       TN6        100,101              C,O                  2            36.0     -1.4718  0.2710   0.2899  
44       TN6        102,103              C,O                  2            36.0     -1.2415  0.2374   0.3610  
45       TN6        104,105              C,O                  2            36.0     -0.7701  0.2148   -0.2362 
46       TN6        106,107              C,O                  2            36.0     -0.8550  0.0360   -0.3801 
47       TN6        108,109              C,O                  2            36.0     -1.0818  -0.0325  -0.3077 

Bead connections
--------------------------------------------------------------------------------
index    to_idx   bond    
0        1        1.0     
1        2        1.0     
1        47       1.0     
2        3        1.0     
2        45       1.0     
3        4        1.0     
3        39       1.0     
3        40       1.0     
4        5        1.0     
5        6        1.0     
5        39       1.0     
6        7        1.0     
6        38       1.0     
7        8        1.0     
7        36       1.0     
8        9        1.0     
9        10       1.0     
9        11       1.0     
9        12       1.0     
9        35       1.0     
10       11       1.0     
12       13       2.0     
12       14       1.0     
12       35       1.0     
13       14       1.0     
14       15       1.0     
14       34       1.0     
15       16       1.0     
15       32       1.0     
15       34       1.0     
16       17       1.0     
17       18       1.0     
17       32       1.0     
18       19       1.0     
18       20       1.0     
18       26       1.0     
20       21       1.0     
21       22       1.0     
21       26       1.0     
22       23       1.0     
22       25       1.0     
23       24       1.0     
24       25       1.0     
26       27       1.0     
27       28       1.0     
27       29       1.0     
27       31       1.0     
29       30       1.0     
30       31       1.0     
32       33       1.0     
36       37       1.0     
37       38       1.0     
40       41       1.0     
40       44       1.0     
41       42       1.0     
42       43       1.0     
43       44       1.0     
45       46       1.0     
46       47       1.0     