Compound: TPCN04151
SMILES:   CC1OC(OC2C(CO)OC(OCC3OC(OC(=O)C45CCC(C)(C)CC4C%10=CCC6C7(C)CCC(OC8OCC(OC9OC(CO)C(O)C(O)C9O)C(O)C8OC%11OCC(O)C(O)C%11O)C(C)(CO)C7CCC6(C)C%10(C)CC5)C(O)C(O)C3O)C(O)C2O)C(O)C(O)C1O

All beads
--------------------------------------------------------------------------------
index    bead_type  atoms_idx            atoms_elem           #conns       mass     x        y        z       
0        TC4        0,1                  C,C                  2            36.0     1.6903   0.0437   0.0489  
1        TN4a       2,3                  O,C                  3            36.0     1.4283   -0.0523  -0.0679 
2        TN6        4,5                  O,C                  3            36.0     1.2667   -0.0059  -0.1945 
3        SN4a       6,9,10               C,O,C                4            54.0     1.0197   0.0912   -0.2576 
4        TP1        7,8                  C,O                  1            36.0     1.0462   -0.2147  -0.3210 
5        TN3r       11,12                O,C                  2            36.0     0.8096   0.2045   -0.1848 
6        SN4a       13,14,15             C,O,C                4            54.0     0.6751   0.0232   0.0016  
7        SN4a       16,17,18             O,C,O                2            54.0     0.4700   -0.0208  0.0305  
8        SC5        19,25,26             C,C,C                5            54.0     0.2435   0.1456   0.0615  
9        TC3        20,21                C,C                  2            36.0     0.3401   0.0351   0.3226  
10       SC4        22,23,24             C,C,C                2            54.0     0.2189   0.3021   0.3200  
11       SC4        27,75,76             C,C,C                4            54.0     -0.0329  -0.1246  0.1594  
12       TC3        28,29                C,C                  2            36.0     -0.1487  0.1627   0.0975  
13       SC4        30,73,74             C,C,C                4            54.0     -0.1274  -0.0286  -0.1244 
14       SC4        31,32,70             C,C,C                4            54.0     -0.3632  0.0574   -0.1976 
15       TC3        33,34                C,C                  2            36.0     -0.5570  -0.0024  0.0397  
16       TN6        35,36                C,O                  3            36.0     -0.7036  -0.0683  -0.1464 
17       SN4a       37,38,39             C,O,C                3            54.0     -1.0158  -0.0538  -0.2301 
18       TN6        40,41                C,O                  3            36.0     -1.1886  0.0357   -0.1162 
19       SN4a       42,43,44             C,O,C                4            54.0     -1.3565  0.2293   -0.0757 
20       TP1        45,46                C,O                  1            36.0     -1.5489  0.3104   0.1408  
21       TN6        47,48                C,O                  2            36.0     -1.4872  0.4419   -0.1363 
22       TN6        49,50                C,O                  2            36.0     -1.2492  0.5025   -0.0444 
23       TN6        51,52                C,O                  2            36.0     -1.1301  0.3532   -0.2170 
24       TN6        53,54                C,O                  2            36.0     -1.1659  -0.1072  0.0672  
25       TN6        55,56                C,O                  3            36.0     -0.9401  -0.1094  0.0493  
26       SN4a       57,58,59             C,O,C                3            54.0     -1.0294  -0.3097  0.2211  
27       TN6        60,61                C,O                  2            36.0     -0.9644  -0.5492  0.3471  
28       TN6        62,63                C,O                  2            36.0     -0.7701  -0.4946  0.2569  
29       TN6        64,65                C,O                  2            36.0     -0.7824  -0.2835  0.3218  
30       TC4        66,67                C,C                  3            36.0     -0.5655  -0.0839  -0.3636 
31       TP1        68,69                C,O                  1            36.0     -0.6097  -0.3450  -0.2242 
32       TC3        71,72                C,C                  2            36.0     -0.2498  -0.2758  -0.1064 
33       TC3        77,78                C,C                  2            36.0     0.1879   -0.2147  0.0279  
34       TN6        79,80                C,O                  2            36.0     0.7864   -0.0460  0.2713  
35       TN6        81,82                C,O                  2            36.0     0.9264   0.1193   0.1893  
36       TN6        83,84                C,O                  2            36.0     0.7238   0.2744   0.1376  
37       TN6        85,86                C,O                  2            36.0     1.1384   0.3348   -0.2116 
38       TN6        87,88                C,O                  2            36.0     1.3264   0.2016   -0.2920 
39       TN6        89,90                C,O                  2            36.0     1.3142   -0.1234  0.1175  
40       TN6        91,92                C,O                  2            36.0     1.4802   -0.2521  0.1816  
41       TN6        93,94                C,O                  2            36.0     1.6553   -0.2222  0.0236  

Bead connections
--------------------------------------------------------------------------------
index    to_idx   bond    
0        1        1.0     
0        41       1.0     
1        2        1.0     
1        39       1.0     
2        3        1.0     
2        38       1.0     
3        4        1.0     
3        5        1.0     
3        37       1.0     
5        6        1.0     
6        7        1.0     
6        34       1.0     
6        36       1.0     
7        8        1.0     
8        9        1.0     
8        10       1.0     
8        11       1.0     
8        33       1.0     
9        10       1.0     
11       12       2.0     
11       13       1.0     
11       33       1.0     
12       13       1.0     
13       14       1.0     
13       32       1.0     
14       15       1.0     
14       30       1.0     
14       32       1.0     
15       16       1.0     
16       17       1.0     
16       30       1.0     
17       18       1.0     
17       25       1.0     
18       19       1.0     
18       24       1.0     
19       20       1.0     
19       21       1.0     
19       23       1.0     
21       22       1.0     
22       23       1.0     
24       25       1.0     
25       26       1.0     
26       27       1.0     
26       29       1.0     
27       28       1.0     
28       29       1.0     
30       31       1.0     
34       35       1.0     
35       36       1.0     
37       38       1.0     
39       40       1.0     
40       41       1.0     