Compound: TPCN04663
SMILES:   CC(=O)OC1COC(OCC2OC(OC(=O)C34CCC(C)(C)CC3C8=CCC5C6(C)CCC(OC7OC(CO)C(O)C(O)C7O)C(C)(CO)C6CCC5(C)C8(C)CC4)C(OC9OC(C)C(O)C(O)C9O)C(O)C2O)C(O)C1O

All beads
--------------------------------------------------------------------------------
index    bead_type  atoms_idx            atoms_elem           #conns       mass     x        y        z       
0        SN4a       0,1,2,3              C,C,O,O              1            54.0     1.1718   0.7560   -0.0838 
1        TC3        4,5                  C,C                  3            36.0     0.9457   0.4463   -0.0400 
2        TN4a       6,7                  O,C                  3            36.0     0.7733   0.3727   0.0660  
3        TN3r       8,9                  O,C                  2            36.0     0.6541   0.2172   0.1607  
4        SN4a       10,11,12             C,O,C                4            54.0     0.4198   0.0958   0.0922  
5        SN4a       13,14,15             O,C,O                2            54.0     0.2054   -0.1086  0.0098  
6        SC5        16,22,23             C,C,C                5            54.0     0.0060   -0.3510  0.0059  
7        TC3        17,18                C,C                  2            36.0     0.2402   -0.3852  0.1570  
8        SC4        19,20,21             C,C,C                2            54.0     0.1232   -0.6032  -0.0008 
9        SC4        24,54,55             C,C,C                4            54.0     -0.2443  -0.1816  0.1795  
10       TC3        25,26                C,C                  2            36.0     -0.2505  -0.1762  -0.1951 
11       SC4        27,52,53             C,C,C                4            54.0     -0.2470  0.0357   -0.0423 
12       SC4        28,29,49             C,C,C                4            54.0     -0.5778  0.0049   -0.0146 
13       TC3        30,31                C,C                  2            36.0     -0.6504  -0.0367  -0.2717 
14       TN6        32,33                C,O                  3            36.0     -0.8043  0.1469   -0.1634 
15       SN4a       34,35,36             C,O,C                4            54.0     -1.0345  0.2237   0.0133  
16       TP1        37,38                C,O                  1            36.0     -1.1613  0.2501   0.2746  
17       TN6        39,40                C,O                  2            36.0     -1.2850  0.2260   -0.0666 
18       TN6        41,42                C,O                  2            36.0     -1.2336  -0.0287  -0.0497 
19       TN6        43,44                C,O                  2            36.0     -1.0271  -0.0203  -0.1300 
20       TC4        45,46                C,C                  3            36.0     -0.6854  0.3393   -0.0496 
21       TP1        47,48                C,O                  1            36.0     -0.5949  0.3402   -0.3212 
22       TC3        50,51                C,C                  2            36.0     -0.4132  0.1659   0.1256  
23       TC3        56,57                C,C                  2            36.0     -0.0073  -0.0641  0.2360  
24       TN6        58,59                C,O                  3            36.0     0.5279   -0.1101  -0.0221 
25       TN4a       60,61                C,O                  3            36.0     0.6392   -0.2533  -0.1149 
26       TC4        62,63                C,C                  2            36.0     0.7031   -0.4813  0.1036  
27       TN6        64,65                C,O                  2            36.0     0.6861   -0.6256  -0.0981 
28       TN6        66,67                C,O                  2            36.0     0.6933   -0.4920  -0.3047 
29       TN6        68,69                C,O                  2            36.0     0.5192   -0.3307  -0.2923 
30       TN6        70,71                C,O                  2            36.0     0.5784   -0.1848  0.2050  
31       TN6        72,73                C,O                  2            36.0     0.5464   -0.0127  0.3222  
32       TN6        74,75                C,O                  2            36.0     0.6673   0.5899   0.1593  
33       TN6        76,77                C,O                  2            36.0     0.8106   0.6909   -0.0110 

Bead connections
--------------------------------------------------------------------------------
index    to_idx   bond    
0        1        1.0     
1        2        1.0     
1        33       1.0     
2        3        1.0     
2        32       1.0     
3        4        1.0     
4        5        1.0     
4        24       1.0     
4        31       1.0     
5        6        1.0     
6        7        1.0     
6        8        1.0     
6        9        1.0     
6        23       1.0     
7        8        1.0     
9        10       2.0     
9        11       1.0     
9        23       1.0     
10       11       1.0     
11       12       1.0     
11       22       1.0     
12       13       1.0     
12       20       1.0     
12       22       1.0     
13       14       1.0     
14       15       1.0     
14       20       1.0     
15       16       1.0     
15       17       1.0     
15       19       1.0     
17       18       1.0     
18       19       1.0     
20       21       1.0     
24       25       1.0     
24       30       1.0     
25       26       1.0     
25       29       1.0     
26       27       1.0     
27       28       1.0     
28       29       1.0     
30       31       1.0     
32       33       1.0     