Compound: TPCN06124
SMILES:   CC1OC(OC2C(OC(=O)C34CCC(C)(C)CC3C%10=CCC5C6(C)CC(O)C(OC7OC(CO)C(O)C(OC8OC(CO)C(O)C(O)C8O)C7O)C(C)(C(=O)O)C6CCC5(C)C%10(C)CC4O)OCC(O)C2O)C(O)C(OC9OCC(O)(CO)C9O)C1O

All beads
--------------------------------------------------------------------------------
index    bead_type  atoms_idx            atoms_elem           #conns       mass     x        y        z       
0        TC4        0,1                  C,C                  2            36.0     -0.8083  0.0583   -0.3280 
1        TN4a       2,3                  O,C                  3            36.0     -0.6732  -0.1884  -0.1725 
2        TN6        4,5                  O,C                  3            36.0     -0.5146  -0.1769  -0.0152 
3        SN4a       6,66,67              C,O,C                3            54.0     -0.2645  -0.2156  0.0363  
4        SN4a       7,8,9                O,C,O                2            54.0     -0.3679  0.0750   -0.1206 
5        SC5        10,16,17             C,C,C                5            54.0     -0.3101  0.3367   0.1038  
6        TC3        11,12                C,C                  2            36.0     -0.5364  0.3415   -0.0423 
7        SC4        13,14,15             C,C,C                2            54.0     -0.5378  0.4371   0.2365  
8        SC4        18,61,62             C,C,C                4            54.0     -0.0246  0.4451   0.0818  
9        TC3        19,20                C,C                  2            36.0     0.0084   0.1980   0.2466  
10       SC4        21,59,60             C,C,C                4            54.0     0.1996   0.3324   -0.0317 
11       SC4        22,23,56             C,C,C                4            54.0     0.1298   -0.0456  0.0310  
12       SN6        24,25,26             C,C,O                2            54.0     0.3925   -0.0188  0.2181  
13       TN6        27,28                C,O                  3            36.0     0.5387   -0.0569  0.0303  
14       SN4a       29,30,31             C,O,C                4            54.0     0.7849   -0.0503  0.1390  
15       TP1        32,33                C,O                  1            36.0     0.9248   0.0981   0.3828  
16       TN6        34,35                C,O                  2            36.0     1.0771   -0.0723  0.1959  
17       TN6        36,37                C,O                  3            36.0     0.9848   -0.2220  0.0372  
18       SN4a       38,39,40             C,O,C                4            54.0     1.1510   -0.4096  -0.0975 
19       TP1        41,42                C,O                  1            36.0     1.0875   -0.2928  -0.3415 
20       TN6        43,44                C,O                  2            36.0     1.4077   -0.4192  -0.2540 
21       TN6        45,46                C,O                  2            36.0     1.4614   -0.4061  -0.0351 
22       TN6        47,48                C,O                  2            36.0     1.3347   -0.2080  0.0302  
23       TN6        49,50                C,O                  2            36.0     0.8131   -0.1850  -0.0707 
24       TC4        51,52                C,C                  3            36.0     0.4708   0.1783   -0.0980 
25       SP2        53,54,55             C,O,O                1            54.0     0.5350   -0.0533  -0.2717 
26       TC3        57,58                C,C                  2            36.0     0.1169   0.1253   -0.2082 
27       SN6        63,64,65             C,C,O                2            54.0     -0.1814  0.3781   -0.2114 
28       TN6        68,69                C,O                  2            36.0     -0.3247  -0.1211  0.2959  
29       TN6        70,71                C,O                  2            36.0     -0.5216  -0.0929  0.2115  
30       TN6        72,73                C,O                  2            36.0     -0.8114  -0.2466  0.0363  
31       SN6        74,85,86             C,C,O                3            54.0     -0.8879  0.0279   -0.0307 
32       TN6        75,76                O,C                  3            36.0     -1.0989  -0.1002  -0.1181 
33       TN4a       77,78                O,C                  2            36.0     -1.3386  -0.1797  -0.2167 
34       TN6        79,80                C,O                  3            36.0     -1.2721  -0.3964  -0.0867 
35       TP1        81,82                C,O                  1            36.0     -1.4714  -0.3530  0.0116  
36       TN6        83,84                C,O                  2            36.0     -1.1887  -0.2203  0.0733  

Bead connections
--------------------------------------------------------------------------------
index    to_idx   bond    
0        1        1.0     
0        31       1.0     
1        2        1.0     
1        30       1.0     
2        3        1.0     
2        29       1.0     
3        4        1.0     
3        28       1.0     
4        5        1.0     
5        6        1.0     
5        7        1.0     
5        8        1.0     
5        27       1.0     
6        7        1.0     
8        9        2.0     
8        10       1.0     
8        27       1.0     
9        10       1.0     
10       11       1.0     
10       26       1.0     
11       12       1.0     
11       24       1.0     
11       26       1.0     
12       13       1.0     
13       14       1.0     
13       24       1.0     
14       15       1.0     
14       16       1.0     
14       23       1.0     
16       17       1.0     
17       18       1.0     
17       23       1.0     
18       19       1.0     
18       20       1.0     
18       22       1.0     
20       21       1.0     
21       22       1.0     
24       25       1.0     
28       29       1.0     
30       31       1.0     
31       32       1.0     
32       33       1.0     
32       36       1.0     
33       34       1.0     
34       35       1.0     
34       36       1.0     