Compound: TPCN04388
SMILES:   CC1OC(OC2C(CO)OC(OCC3OC(OC(=O)C45CCC(C)(C)CC4C%10=CCC6C7(C)CCC(OC8OCC(OC9OC(CO)C(O)C(O)C9O)C(O)C8OC%11OC(C)C(O)C(OC%12OCC(O)C(O)C%12O)C%11O)C(C)(CO)C7CCC6(C)C%10(C)CC5)C(O)C(O)C3O)C(O)C2O)C(O)C(O)C1O

All beads
--------------------------------------------------------------------------------
index    bead_type  atoms_idx            atoms_elem           #conns       mass     x        y        z       
0        TC4        0,1                  C,C                  2            36.0     1.7822   -0.2561  0.0785  
1        TN4a       2,3                  O,C                  3            36.0     1.6318   0.0009   0.2017  
2        TN6        4,5                  O,C                  3            36.0     1.4847   0.0836   0.0741  
3        SN4a       6,9,10               C,O,C                4            54.0     1.2710   0.0301   -0.0254 
4        TP1        7,8                  C,O                  1            36.0     1.4645   -0.1070  -0.1964 
5        TN3r       11,12                O,C                  2            36.0     0.9899   0.1429   -0.0036 
6        SN4a       13,14,15             C,O,C                4            54.0     0.7428   0.1130   -0.1643 
7        SN4a       16,17,18             O,C,O                2            54.0     0.5773   -0.0360  -0.1113 
8        SC5        19,25,26             C,C,C                5            54.0     0.3812   -0.2390  -0.0358 
9        TC3        20,21                C,C                  2            36.0     0.5557   -0.1544  0.1929  
10       SC4        22,23,24             C,C,C                2            54.0     0.4426   -0.4231  0.1950  
11       SC4        27,85,86             C,C,C                4            54.0     0.1234   -0.0072  0.1613  
12       TC3        28,29                C,C                  2            36.0     0.0141   -0.2831  0.0971  
13       SC4        30,83,84             C,C,C                4            54.0     -0.0195  -0.0588  -0.1504 
14       SC4        31,32,80             C,C,C                4            54.0     -0.3101  -0.1972  0.0753  
15       TC3        33,34                C,C                  2            36.0     -0.4009  -0.0983  -0.1704 
16       TN6        35,36                C,O                  3            36.0     -0.5862  0.0065   -0.0321 
17       SN4a       37,38,39             C,O,C                3            54.0     -0.8422  -0.0467  0.1061  
18       TN6        40,41                C,O                  3            36.0     -1.0301  -0.1983  0.0381  
19       SN4a       42,43,44             C,O,C                4            54.0     -1.1436  -0.4242  0.1192  
20       TP1        45,46                C,O                  1            36.0     -1.1895  -0.6868  0.2612  
21       TN6        47,48                C,O                  2            36.0     -1.2747  -0.6249  0.0061  
22       TN6        49,50                C,O                  2            36.0     -1.1548  -0.4841  -0.1839 
23       TN6        51,52                C,O                  2            36.0     -1.3020  -0.3047  -0.0673 
24       TN6        53,54                C,O                  2            36.0     -0.8909  -0.2409  -0.1323 
25       TN6        55,56                C,O                  3            36.0     -0.8787  0.0052   -0.1592 
26       TN4a       57,58                C,O                  3            36.0     -0.9446  0.1664   -0.2771 
27       TC4        59,60                C,C                  2            36.0     -1.2167  0.0359   -0.2999 
28       TN6        61,62                C,O                  2            36.0     -1.2383  0.3183   -0.2965 
29       TN6        63,64                C,O                  3            36.0     -1.1625  0.3163   -0.0855 
30       SN4a       65,66,67             C,O,C                3            54.0     -1.3784  0.5286   0.0613  
31       TN6        68,69                C,O                  2            36.0     -1.2212  0.7564   0.0540  
32       TN6        70,71                C,O                  2            36.0     -1.0687  0.6090   0.1739  
33       TN6        72,73                C,O                  2            36.0     -1.1756  0.3834   0.2015  
34       TN6        74,75                C,O                  2            36.0     -0.9316  0.3432   -0.1291 
35       TC4        76,77                C,C                  3            36.0     -0.4781  0.1728   0.1325  
36       TP1        78,79                C,O                  1            36.0     -0.5235  -0.0859  0.2667  
37       TC3        81,82                C,C                  2            36.0     -0.1435  0.1450   0.0558  
38       TC3        87,88                C,C                  2            36.0     0.3017   0.1167   0.0093  
39       TN6        89,90                C,O                  2            36.0     0.6889   0.2392   -0.3673 
40       TN6        91,92                C,O                  2            36.0     0.6830   0.4141   -0.2394 
41       TN6        93,94                C,O                  2            36.0     0.8459   0.3717   -0.0937 
42       TN6        95,96                C,O                  2            36.0     1.2475   0.3096   -0.0684 
43       TN6        97,98                C,O                  2            36.0     1.4757   0.2825   -0.0598 
44       TN6        99,100               C,O                  2            36.0     1.7598   0.1936   0.1980  
45       TN6        101,102              C,O                  2            36.0     1.9066   0.1063   0.0683  
46       TN6        103,104              C,O                  2            36.0     1.9817   -0.1218  0.1322  

Bead connections
--------------------------------------------------------------------------------
index    to_idx   bond    
0        1        1.0     
0        46       1.0     
1        2        1.0     
1        44       1.0     
2        3        1.0     
2        43       1.0     
3        4        1.0     
3        5        1.0     
3        42       1.0     
5        6        1.0     
6        7        1.0     
6        39       1.0     
6        41       1.0     
7        8        1.0     
8        9        1.0     
8        10       1.0     
8        11       1.0     
8        38       1.0     
9        10       1.0     
11       12       2.0     
11       13       1.0     
11       38       1.0     
12       13       1.0     
13       14       1.0     
13       37       1.0     
14       15       1.0     
14       35       1.0     
14       37       1.0     
15       16       1.0     
16       17       1.0     
16       35       1.0     
17       18       1.0     
17       25       1.0     
18       19       1.0     
18       24       1.0     
19       20       1.0     
19       21       1.0     
19       23       1.0     
21       22       1.0     
22       23       1.0     
24       25       1.0     
25       26       1.0     
26       27       1.0     
26       34       1.0     
27       28       1.0     
28       29       1.0     
29       30       1.0     
29       34       1.0     
30       31       1.0     
30       33       1.0     
31       32       1.0     
32       33       1.0     
35       36       1.0     
39       40       1.0     
40       41       1.0     
42       43       1.0     
44       45       1.0     
45       46       1.0     