Compound: TPCN05181
SMILES:   CC1OC(OC2C(OC3CCC4(C)C(CCC5(C)C4CCC9=C6C(=O)C(C)(CO)CCC6(C(=O)OC%10OC(CO)C(O)C(O)C%10O)CCC95C)C3(C)C)OCC(O)C2OC7OC(CO)C(O)C(O)C7OC8OC(CO)C(O)C(O)C8O)C(O)C(O)C1O

All beads
--------------------------------------------------------------------------------
index    bead_type  atoms_idx            atoms_elem           #conns       mass     x        y        z       
0        TC4        0,1                  C,C                  2            36.0     -0.2201  -0.5360  0.2474  
1        TN4a       2,3                  O,C                  3            36.0     -0.3582  -0.2467  0.2239  
2        TN6        4,5                  O,C                  3            36.0     -0.4745  -0.1724  0.0455  
3        TN6        6,7                  C,O                  3            36.0     -0.3498  -0.0660  -0.0880 
4        SC3        8,9,10               C,C,C                3            54.0     -0.0829  -0.0896  -0.1614 
5        SC4        11,12,13             C,C,C                4            54.0     0.0355   -0.1792  0.1180  
6        TC3        14,15                C,C                  2            36.0     0.1850   0.0663   0.2196  
7        SC4        16,17,18             C,C,C                4            54.0     0.3452   -0.1810  0.1057  
8        TC3        19,20                C,C                  2            36.0     0.3256   -0.0544  -0.2064 
9        SC4        21,48,49             C,C,C                4            54.0     0.4230   0.1452   0.0089  
10       TC5        22,31                C,C                  5            36.0     0.6924   0.0148   -0.0671 
11       TN6a       23,24                C,O                  2            36.0     0.6728   -0.0757  -0.2882 
12       TC4        25,26                C,C                  3            36.0     0.8594   -0.2411  -0.3267 
13       TP1        27,28                C,O                  1            36.0     0.6701   -0.3659  -0.1479 
14       TC3        29,30                C,C                  2            36.0     0.8954   -0.1219  -0.0221 
15       SN4a       32,33,34             C,O,O                2            54.0     0.8591   0.1787   -0.1072 
16       SN4a       35,36,37             C,O,C                4            54.0     1.1042   0.2966   -0.1704 
17       TP1        38,39                C,O                  1            36.0     1.3983   0.1939   -0.2438 
18       TN6        40,41                C,O                  2            36.0     1.3002   0.4984   -0.1770 
19       TN6        42,43                C,O                  2            36.0     1.2528   0.4985   0.0589  
20       TN6        44,45                C,O                  2            36.0     1.0705   0.3787   0.0973  
21       TC3        46,47                C,C                  2            36.0     0.6345   0.0838   0.1620  
22       SC4        50,51,52             C,C,C                2            54.0     -0.1068  0.1947   0.0260  
23       TN4a       53,54                O,C                  2            36.0     -0.4265  -0.2191  -0.2889 
24       TN6        55,56                C,O                  2            36.0     -0.5996  -0.3656  -0.1871 
25       TN6        57,58                C,O                  3            36.0     -0.6503  -0.1760  -0.0742 
26       SN4a       59,60,61             C,O,C                4            54.0     -0.9018  -0.1154  -0.0586 
27       TP1        62,63                C,O                  1            36.0     -1.1168  -0.2709  -0.1780 
28       TN6        64,65                C,O                  2            36.0     -1.1232  0.0272   -0.0242 
29       TN6        66,67                C,O                  2            36.0     -1.0123  0.1747   -0.1921 
30       TN6        68,69                C,O                  3            36.0     -0.8045  0.1319   -0.0839 
31       SN4a       70,71,72             C,O,C                4            54.0     -0.7832  0.3310   0.0319  
32       TP1        73,74                C,O                  1            36.0     -0.9677  0.5819   0.0280  
33       TN6        75,76                C,O                  2            36.0     -0.7909  0.5269   0.2471  
34       TN6        77,78                C,O                  2            36.0     -0.7313  0.3154   0.3403  
35       TN6        79,80                C,O                  2            36.0     -0.5969  0.2092   0.2105  
36       TN6        81,82                C,O                  2            36.0     -0.5890  -0.2382  0.3241  
37       TN6        83,84                C,O                  2            36.0     -0.5762  -0.4407  0.3940  
38       TN6        85,86                C,O                  2            36.0     -0.4799  -0.5880  0.2308  

Bead connections
--------------------------------------------------------------------------------
index    to_idx   bond    
0        1        1.0     
0        38       1.0     
1        2        1.0     
1        36       1.0     
2        3        1.0     
2        25       1.0     
3        4        1.0     
3        23       1.0     
4        5        1.0     
4        22       1.0     
5        6        1.0     
5        7        1.0     
5        22       1.0     
6        7        1.0     
7        8        1.0     
7        9        1.0     
8        9        1.0     
9        10       2.0     
9        21       1.0     
10       11       1.0     
10       14       1.0     
10       15       1.0     
10       21       1.0     
11       12       1.0     
12       13       1.0     
12       14       1.0     
15       16       1.0     
16       17       1.0     
16       18       1.0     
16       20       1.0     
18       19       1.0     
19       20       1.0     
23       24       1.0     
24       25       1.0     
25       26       1.0     
26       27       1.0     
26       28       1.0     
26       30       1.0     
28       29       1.0     
29       30       1.0     
30       31       1.0     
31       32       1.0     
31       33       1.0     
31       35       1.0     
33       34       1.0     
34       35       1.0     
36       37       1.0     
37       38       1.0     