Compound: TPCN05788
SMILES:   CC1OC(OC2C(O)COC(OC3C(C)OC(OC4C(OC(=O)C56CCC(C)(C)CC5C%11=CCC7C8(C)CC(O)C(OC9OC(C)C(O)C(O)C9O)C(C)(CO)C8CCC7(C)C%11(C)CC6O)OC(C)C(O)C4OC%10OC(CO)C(O)C%10O)C(O)C3O)C2O)C(O)C(O)C1O

All beads
--------------------------------------------------------------------------------
index    bead_type  atoms_idx            atoms_elem           #conns       mass     x        y        z       
0        TC4        0,1                  C,C                  2            36.0     1.5475   0.3501   0.0829  
1        TN4a       2,3                  O,C                  3            36.0     1.2590   0.4775   0.0145  
2        TN6        4,5                  O,C                  3            36.0     1.1184   0.3651   0.1144  
3        TN6        6,7                  C,O                  2            36.0     1.1573   0.2052   0.2518  
4        TN4a       8,9                  C,O                  2            36.0     1.0020   0.0740   0.1681  
5        TN6        10,11                C,O                  3            36.0     0.8664   0.1941   -0.0197 
6        SN6        12,84,85             C,C,O                3            54.0     0.7778   -0.0488  -0.0270 
7        TC4        13,14                C,C                  2            36.0     0.5420   0.2224   -0.0940 
8        TN4a       15,16                O,C                  3            36.0     0.4854   -0.0655  -0.0756 
9        TN6        17,18                O,C                  3            36.0     0.3270   -0.2042  -0.0969 
10       TN4a       19,66                C,O                  3            36.0     0.1961   -0.0816  -0.2198 
11       SN4a       20,21,22             O,C,O                2            54.0     0.0934   -0.0455  -0.0001 
12       SC5        23,29,30             C,C,C                5            54.0     -0.1365  -0.2053  0.0386  
13       TC3        24,25                C,C                  2            36.0     -0.0174  -0.1046  0.2932  
14       SC4        26,27,28             C,C,C                2            54.0     -0.1324  -0.3728  0.2915  
15       SC4        31,61,62             C,C,C                4            54.0     -0.3962  0.0738   0.1597  
16       TC3        32,33                C,C                  2            36.0     -0.5204  -0.2025  0.1195  
17       SC4        34,59,60             C,C,C                4            54.0     -0.5086  -0.0230  -0.1519 
18       SC4        35,36,56             C,C,C                4            54.0     -0.8211  -0.0644  0.0869  
19       SN6        37,38,39             C,C,O                2            54.0     -0.8844  0.0963   -0.1901 
20       TN6        40,41                C,O                  3            36.0     -1.0665  0.1471   -0.0067 
21       TN4a       42,43                C,O                  3            36.0     -1.2758  0.1938   0.0088  
22       TC4        44,45                C,C                  2            36.0     -1.3553  0.4604   0.1684  
23       TN6        46,47                C,O                  2            36.0     -1.4390  0.4941   -0.0730 
24       TN6        48,49                C,O                  2            36.0     -1.5245  0.2849   -0.1568 
25       TN6        50,51                C,O                  2            36.0     -1.3059  0.2101   -0.2160 
26       TC4        52,53                C,C                  3            36.0     -0.9249  0.3180   0.1500  
27       TP1        54,55                C,O                  1            36.0     -0.9914  0.0930   0.3056  
28       TC3        57,58                C,C                  2            36.0     -0.6197  0.2409   -0.0192 
29       SN6        63,64,65             C,C,O                2            54.0     -0.1637  0.1689   0.0381  
30       TC4        67,68                C,C                  2            36.0     0.0004   -0.2750  -0.3406 
31       TN6        69,70                C,O                  2            36.0     0.2089   -0.4362  -0.3455 
32       TN6        71,72                C,O                  3            36.0     0.2389   -0.3897  -0.1133 
33       SN4a       73,74,75             C,O,C                4            54.0     0.2467   -0.6741  -0.0439 
34       TP1        76,77                C,O                  1            36.0     0.3437   -0.9137  -0.1817 
35       TN6        78,79                C,O                  2            36.0     0.3653   -0.7831  0.1516  
36       TN6        80,81                C,O                  2            36.0     0.4600   -0.5914  0.0455  
37       TN6        82,83                C,O                  2            36.0     0.6612   -0.1810  -0.1579 
38       TN6        86,87                C,O                  2            36.0     0.8725   0.3861   0.0903  
39       TN6        88,89                C,O                  2            36.0     1.1927   0.4431   -0.2039 
40       TN6        90,91                C,O                  2            36.0     1.3608   0.3018   -0.2896 
41       TN6        92,93                C,O                  2            36.0     1.5599   0.3300   -0.1618 

Bead connections
--------------------------------------------------------------------------------
index    to_idx   bond    
0        1        1.0     
0        41       1.0     
1        2        1.0     
1        39       1.0     
2        3        1.0     
2        38       1.0     
3        4        1.0     
4        5        1.0     
5        6        1.0     
5        38       1.0     
6        7        1.0     
6        37       1.0     
7        8        1.0     
8        9        1.0     
8        37       1.0     
9        10       1.0     
9        32       1.0     
10       11       1.0     
10       30       1.0     
11       12       1.0     
12       13       1.0     
12       14       1.0     
12       15       1.0     
12       29       1.0     
13       14       1.0     
15       16       2.0     
15       17       1.0     
15       29       1.0     
16       17       1.0     
17       18       1.0     
17       28       1.0     
18       19       1.0     
18       26       1.0     
18       28       1.0     
19       20       1.0     
20       21       1.0     
20       26       1.0     
21       22       1.0     
21       25       1.0     
22       23       1.0     
23       24       1.0     
24       25       1.0     
26       27       1.0     
30       31       1.0     
31       32       1.0     
32       33       1.0     
33       34       1.0     
33       35       1.0     
33       36       1.0     
35       36       1.0     
39       40       1.0     
40       41       1.0     