Compound: TPCN04367
SMILES:   CC1OC(OC2C(OC3CCC4(C)C(CCC5(C)C4CC=C9C6CC(C)(C)CCC6(C(=O)O)CCC95C)C3(C)C)OCC(OC8OC(CO)C(O)C(O)C8O)C2O)C(O)C(OC7OCC(O)C(O)C7O)C1O

All beads
--------------------------------------------------------------------------------
index    bead_type  atoms_idx            atoms_elem           #conns       mass     x        y        z       
0        TC4        0,1                  C,C                  2            36.0     -0.4759  -0.1942  -0.4408 
1        TN4a       2,3                  O,C                  3            36.0     -0.4304  -0.0829  -0.1729 
2        TN6        4,5                  O,C                  3            36.0     -0.3746  0.0596   -0.0110 
3        TN6        6,7                  C,O                  3            36.0     -0.2460  0.0469   0.1547  
4        SC3        8,9,10               C,C,C                3            54.0     -0.0039  -0.1584  0.0701  
5        SC4        11,12,13             C,C,C                4            54.0     0.1211   0.0898   0.0046  
6        TC3        14,15                C,C                  2            36.0     0.3513   0.0980   0.2933  
7        SC4        16,17,18             C,C,C                4            54.0     0.3718   0.1484   0.0434  
8        TC3        19,20                C,C                  2            36.0     0.4280   -0.1087  -0.1381 
9        SC4        21,35,36             C,C,C                4            54.0     0.6660   0.0805   0.1155  
10       SC5        22,23,29             C,C,C                5            54.0     0.7782   -0.1706  -0.0748 
11       SC4        24,25,26             C,C,C                2            54.0     0.9770   -0.3647  -0.0955 
12       TC3        27,28                C,C                  2            36.0     0.9748   -0.1109  -0.2641 
13       SP2        30,31,32             C,O,O                1            54.0     0.9843   0.1575   -0.0461 
14       TC3        33,34                C,C                  2            36.0     0.6694   0.1616   -0.1714 
15       SC4        37,38,39             C,C,C                2            54.0     0.0315   -0.0375  0.3678  
16       TN4a       40,41                O,C                  2            36.0     -0.3868  0.2672   0.2313  
17       TN6        42,43                C,O                  3            36.0     -0.3899  0.3893   0.0540  
18       SN4a       44,45,46             C,O,C                4            54.0     -0.5021  0.6368   -0.0705 
19       TP1        47,48                C,O                  1            36.0     -0.7160  0.7590   -0.2649 
20       TN6        49,50                C,O                  2            36.0     -0.6469  0.8828   0.0194  
21       TN6        51,52                C,O                  2            36.0     -0.4717  0.8262   0.1519  
22       TN6        53,54                C,O                  2            36.0     -0.5648  0.5663   0.2012  
23       TN6        55,56                C,O                  2            36.0     -0.3370  0.2386   -0.1259 
24       TN6        57,58                C,O                  2            36.0     -0.4060  -0.2108  0.0174  
25       SN6        59,70,71             C,C,O                3            54.0     -0.5055  -0.3732  -0.2404 
26       TN6        60,61                O,C                  3            36.0     -0.5232  -0.4519  0.0376  
27       TN4a       62,63                O,C                  2            36.0     -0.4253  -0.6862  0.0933  
28       TN6        64,65                C,O                  2            36.0     -0.5866  -0.8290  0.1408  
29       TN6        66,67                C,O                  2            36.0     -0.7863  -0.7020  0.0851  
30       TN6        68,69                C,O                  2            36.0     -0.7236  -0.5223  -0.0095 

Bead connections
--------------------------------------------------------------------------------
index    to_idx   bond    
0        1        1.0     
0        25       1.0     
1        2        1.0     
1        24       1.0     
2        3        1.0     
2        23       1.0     
3        4        1.0     
3        16       1.0     
4        5        1.0     
4        15       1.0     
5        6        1.0     
5        7        1.0     
5        15       1.0     
6        7        1.0     
7        8        1.0     
7        9        1.0     
8        9        2.0     
9        10       1.0     
9        14       1.0     
10       11       1.0     
10       12       1.0     
10       13       1.0     
10       14       1.0     
11       12       1.0     
16       17       1.0     
17       18       1.0     
17       23       1.0     
18       19       1.0     
18       20       1.0     
18       22       1.0     
20       21       1.0     
21       22       1.0     
24       25       1.0     
25       26       1.0     
26       27       1.0     
26       30       1.0     
27       28       1.0     
28       29       1.0     
29       30       1.0     