Compound: TPCN04370
SMILES:   CC1OC(OC2CCC3(C)C(CCC4(C)C3CC=C9C5CC(C)(C)C(OC6OC(CO)C(O)C(O)C6O)CC5(CO)C(O)CC94C)C2(C)CO)C(OC7OC(CO)C(O)C(O)C7O)C(OC8OC(CO)C(O)C(O)C8O)C1O

All beads
--------------------------------------------------------------------------------
index    bead_type  atoms_idx            atoms_elem           #conns       mass     x        y        z       
0        TC4        0,1                  C,C                  2            36.0     -0.5541  0.3938   -0.0364 
1        TN4a       2,3                  O,C                  3            36.0     -0.4897  0.0791   -0.0601 
2        TN6        4,5                  O,C                  3            36.0     -0.3054  0.0389   0.0175  
3        TC3        6,7                  C,C                  2            36.0     -0.0974  0.1713   0.0687  
4        SC4        8,9,10               C,C,C                4            54.0     0.0067   -0.0432  0.2223  
5        TC3        11,12                C,C                  2            36.0     0.0443   -0.2104  -0.1044 
6        SC4        13,14,15             C,C,C                4            54.0     0.2193   -0.0200  -0.0836 
7        TC3        16,17                C,C                  2            36.0     0.3433   0.1237   0.1091  
8        SC4        18,44,45             C,C,C                4            54.0     0.3974   -0.2201  0.0733  
9        SC5        19,20,38             C,C,C                5            54.0     0.6263   0.0058   -0.1043 
10       SC4        21,22,23             C,C,C                2            54.0     0.8055   0.1864   -0.2268 
11       SN6        24,25,37             C,O,C                3            54.0     0.8783   -0.0931  -0.1551 
12       SN4a       26,27,28             C,O,C                4            54.0     1.2219   0.1116   -0.1462 
13       TP1        29,30                C,O                  1            36.0     1.3179   0.3555   -0.1465 
14       TN6        31,32                C,O                  2            36.0     1.3772   0.1452   0.0699  
15       TN6        33,34                C,O                  2            36.0     1.3071   -0.0541  0.0880  
16       TN6        35,36                C,O                  2            36.0     1.1469   -0.1546  -0.0691 
17       TP1        39,40                C,O                  1            36.0     0.7588   -0.2420  0.1172  
18       SN6        41,42,43             C,O,C                2            54.0     0.5272   -0.2947  -0.1813 
19       TC4        46,47                C,C                  3            36.0     -0.2540  -0.1248  0.2374  
20       TP1        48,49                C,O                  1            36.0     -0.3085  -0.2785  0.0025  
21       TC3        50,63                C,C                  4            36.0     -0.6661  0.0571   0.1325  
22       TN6        51,52                O,C                  3            36.0     -0.6917  -0.1240  -0.0582 
23       TN4a       53,54                O,C                  3            36.0     -0.8422  -0.3045  0.0762  
24       TP1        55,56                C,O                  1            36.0     -0.6529  -0.4463  0.0739  
25       TN6        57,58                C,O                  2            36.0     -0.9779  -0.4365  -0.0620 
26       TN6        59,60                C,O                  2            36.0     -0.9990  -0.2622  -0.2243 
27       TN6        61,62                C,O                  2            36.0     -0.7698  -0.1702  -0.2741 
28       TN6        64,65                O,C                  3            36.0     -0.8851  0.1295   0.0984  
29       TN4a       66,67                O,C                  3            36.0     -0.9902  0.3173   0.1866  
30       TP1        68,69                C,O                  1            36.0     -0.9991  0.4569   0.3502  
31       TN6        70,71                C,O                  2            36.0     -1.2388  0.3472   0.1856  
32       TN6        72,73                C,O                  2            36.0     -1.2356  0.1388   0.0246  
33       TN6        74,75                C,O                  2            36.0     -1.0385  0.1787   -0.0826 
34       TN6        76,77                C,O                  2            36.0     -0.6095  0.2992   0.2202  

Bead connections
--------------------------------------------------------------------------------
index    to_idx   bond    
0        1        1.0     
0        34       1.0     
1        2        1.0     
1        21       1.0     
2        3        1.0     
2        19       1.0     
3        4        1.0     
4        5        1.0     
4        6        1.0     
4        19       1.0     
5        6        1.0     
6        7        1.0     
6        8        1.0     
7        8        2.0     
8        9        1.0     
8        18       1.0     
9        10       1.0     
9        11       1.0     
9        17       1.0     
9        18       1.0     
10       11       1.0     
11       12       1.0     
12       13       1.0     
12       14       1.0     
12       16       1.0     
14       15       1.0     
15       16       1.0     
19       20       1.0     
21       22       1.0     
21       28       1.0     
21       34       1.0     
22       23       1.0     
22       27       1.0     
23       24       1.0     
23       25       1.0     
25       26       1.0     
26       27       1.0     
28       29       1.0     
28       33       1.0     
29       30       1.0     
29       31       1.0     
31       32       1.0     
32       33       1.0     