Compound: TPCN04183
SMILES:   CC1OC(OC2C(CO)OC(OCC3OC(OC(=O)C45CCC(C)(C)CC4C9=CCC6C7(C)CCC(OC8OCC(O)C(O)C8OC%10OC(CO)C(O)C(O)C%10O)C(C)(CO)C7CCC6(C)C9(C)CC5)C(O)C(O)C3O)C(O)C2O)C(O)C(O)C1O

All beads
--------------------------------------------------------------------------------
index    bead_type  atoms_idx            atoms_elem           #conns       mass     x        y        z       
0        TC4        0,1                  C,C                  2            36.0     1.3951   -0.1514  -0.2221 
1        TN4a       2,3                  O,C                  3            36.0     1.2936   -0.1014  0.0485  
2        TN6        4,5                  O,C                  3            36.0     1.1060   -0.0735  0.0926  
3        SN4a       6,9,10               C,O,C                4            54.0     0.8990   -0.0526  0.2643  
4        TP1        7,8                  C,O                  1            36.0     1.0988   0.1669   0.2889  
5        TN3r       11,12                O,C                  2            36.0     0.6318   -0.0823  0.2953  
6        SN4a       13,14,15             C,O,C                4            54.0     0.4748   0.0315   0.0967  
7        SN4a       16,17,18             O,C,O                2            54.0     0.2749   0.0983   -0.0101 
8        SC5        19,25,26             C,C,C                5            54.0     0.0566   0.0709   -0.2225 
9        TC3        20,21                C,C                  2            36.0     0.2673   0.2447   -0.2885 
10       SC4        22,23,24             C,C,C                2            54.0     0.1488   0.0600   -0.4847 
11       SC4        27,66,67             C,C,C                4            54.0     -0.0820  0.1259   0.1328  
12       TC3        28,29                C,C                  2            36.0     -0.1858  -0.1210  -0.0246 
13       SC4        30,64,65             C,C,C                4            54.0     -0.3482  0.1973   0.1056  
14       SC4        31,32,61             C,C,C                4            54.0     -0.5524  0.0452   0.0254  
15       TC3        33,34                C,C                  2            36.0     -0.6059  -0.2124  0.0414  
16       TN6        35,36                C,O                  3            36.0     -0.7872  -0.1011  -0.1139 
17       SN4a       37,38,39             C,O,C                3            54.0     -1.0150  -0.2142  -0.2731 
18       TN6        40,41                C,O                  2            36.0     -1.2214  -0.3665  -0.1630 
19       TN6        42,43                C,O                  2            36.0     -1.0361  -0.3321  0.0196  
20       TN6        44,45                C,O                  3            36.0     -1.0645  -0.1117  -0.0222 
21       SN4a       46,47,48             C,O,C                4            54.0     -1.1889  0.0241   0.1545  
22       TP1        49,50                C,O                  1            36.0     -1.4530  -0.0452  0.2780  
23       TN6        51,52                C,O                  2            36.0     -1.2467  0.1364   0.4240  
24       TN6        53,54                C,O                  2            36.0     -1.0656  0.2474   0.2969  
25       TN6        55,56                C,O                  2            36.0     -0.9261  0.0481   0.2843  
26       TC4        57,58                C,C                  3            36.0     -0.5861  -0.1718  -0.2926 
27       TP1        59,60                C,O                  1            36.0     -0.7341  0.0919   -0.3288 
28       TC3        62,63                C,C                  2            36.0     -0.4004  0.2011   -0.1793 
29       TC3        68,69                C,C                  2            36.0     0.0096   0.3472   0.0032  
30       TN6        70,71                C,O                  2            36.0     0.6816   0.1991   -0.0183 
31       TN6        72,73                C,O                  2            36.0     0.6621   0.3109   0.1748  
32       TN6        74,75                C,O                  2            36.0     0.4649   0.2267   0.2986  
33       TN6        76,77                C,O                  2            36.0     0.8271   -0.2742  0.1419  
34       TN6        78,79                C,O                  2            36.0     0.9427   -0.2045  -0.0223 
35       TN6        80,81                C,O                  2            36.0     1.4471   -0.1525  0.2428  
36       TN6        82,83                C,O                  2            36.0     1.5296   -0.3518  0.1190  
37       TN6        84,85                C,O                  2            36.0     1.5895   -0.2696  -0.0753 

Bead connections
--------------------------------------------------------------------------------
index    to_idx   bond    
0        1        1.0     
0        37       1.0     
1        2        1.0     
1        35       1.0     
2        3        1.0     
2        34       1.0     
3        4        1.0     
3        5        1.0     
3        33       1.0     
5        6        1.0     
6        7        1.0     
6        30       1.0     
6        32       1.0     
7        8        1.0     
8        9        1.0     
8        10       1.0     
8        11       1.0     
8        29       1.0     
9        10       1.0     
11       12       2.0     
11       13       1.0     
11       29       1.0     
12       13       1.0     
13       14       1.0     
13       28       1.0     
14       15       1.0     
14       26       1.0     
14       28       1.0     
15       16       1.0     
16       17       1.0     
16       26       1.0     
17       18       1.0     
17       20       1.0     
18       19       1.0     
19       20       1.0     
20       21       1.0     
21       22       1.0     
21       23       1.0     
21       25       1.0     
23       24       1.0     
24       25       1.0     
26       27       1.0     
30       31       1.0     
31       32       1.0     
33       34       1.0     
35       36       1.0     
36       37       1.0     