Compound: TPCN05621
SMILES:   CC1OC(OC2C(OC3COC(OC4CCC5(C)C(CCC6(C)C5CC=C%10C7CC8(C)CCC7(COC8=O)C(O)CC%106C)C4(C)C)C(OC9OC(CO)C(O)C(O)C9O)C3O)OC(CO)C(O)C2O)C(O)C(O)C1O

All beads
--------------------------------------------------------------------------------
index    bead_type  atoms_idx            atoms_elem           #conns       mass     x        y        z       
0        TC4        0,1                  C,C                  2            36.0     -0.9010  0.5909   -0.1103 
1        TN4a       2,3                  O,C                  3            36.0     -0.7468  0.3633   0.0041  
2        TN6        4,5                  O,C                  3            36.0     -0.7190  0.1534   0.0495  
3        TN6        6,7                  C,O                  3            36.0     -0.6378  -0.0279  -0.0056 
4        SN6        8,59,60              C,C,O                3            54.0     -0.4292  -0.1758  0.0902  
5        TN4a       9,10                 C,O                  2            36.0     -0.3710  -0.0562  -0.1633 
6        TN6        11,12                C,O                  3            36.0     -0.1535  -0.1816  -0.0983 
7        SC3        13,14,15             C,C,C                3            54.0     0.1189   -0.1029  0.0560  
8        SC4        16,17,18             C,C,C                4            54.0     0.2957   -0.1427  -0.1320 
9        TC3        19,20                C,C                  2            36.0     0.3638   0.2132   -0.1931 
10       SC4        21,22,23             C,C,C                4            54.0     0.5056   -0.0138  -0.1856 
11       TC3        24,25                C,C                  2            36.0     0.5861   -0.0630  0.1199  
12       SC4        26,41,42             C,C,C                4            54.0     0.7198   0.2077   -0.1352 
13       TC5        27,33                C,C                  5            36.0     0.8936   0.1166   0.1047  
14       SC4        28,29,30             C,C,C                3            54.0     0.9396   0.4315   0.1488  
15       TC3        31,32                C,C                  2            36.0     1.0807   0.2719   -0.0751 
16       N4a        34,35,36,37          C,O,C,O              2            72.0     1.1004   0.1193   0.1930  
17       SN6        38,39,40             C,O,C                2            54.0     0.8677   -0.0663  -0.1054 
18       SC4        43,44,45             C,C,C                2            54.0     0.0094   0.1131   -0.1702 
19       TN6        46,47                C,O                  3            36.0     -0.2561  -0.3053  0.0395  
20       SN4a       48,49,50             C,O,C                4            54.0     -0.3838  -0.5674  0.1517  
21       TP1        51,52                C,O                  1            36.0     -0.3875  -0.5930  0.3785  
22       TN6        53,54                C,O                  2            36.0     -0.3797  -0.8402  0.0943  
23       TN6        55,56                C,O                  2            36.0     -0.1366  -0.7418  0.0830  
24       TN6        57,58                C,O                  2            36.0     -0.2308  -0.6101  -0.0980 
25       TN4a       61,62                O,C                  3            36.0     -0.8287  -0.1612  0.1174  
26       TP1        63,64                C,O                  1            36.0     -0.8993  -0.1098  0.3341  
27       TN6        65,66                C,O                  2            36.0     -0.9919  -0.0639  -0.0404 
28       TN6        67,68                C,O                  2            36.0     -0.9422  0.1736   0.0355  
29       TN6        69,70                C,O                  2            36.0     -0.5077  0.3743   -0.0112 
30       TN6        71,72                C,O                  2            36.0     -0.5491  0.4483   -0.2115 
31       TN6        73,74                C,O                  2            36.0     -0.6599  0.6516   -0.1613 

Bead connections
--------------------------------------------------------------------------------
index    to_idx   bond    
0        1        1.0     
0        31       1.0     
1        2        1.0     
1        29       1.0     
2        3        1.0     
2        28       1.0     
3        4        1.0     
3        25       1.0     
4        5        1.0     
4        19       1.0     
5        6        1.0     
6        7        1.0     
6        19       1.0     
7        8        1.0     
7        18       1.0     
8        9        1.0     
8        10       1.0     
8        18       1.0     
9        10       1.0     
10       11       1.0     
10       12       1.0     
11       12       2.0     
12       13       1.0     
12       17       1.0     
13       14       1.0     
13       15       1.0     
13       16       1.0     
13       17       1.0     
14       15       1.0     
14       16       1.0     
19       20       1.0     
20       21       1.0     
20       22       1.0     
20       24       1.0     
22       23       1.0     
23       24       1.0     
25       26       1.0     
25       27       1.0     
27       28       1.0     
29       30       1.0     
30       31       1.0     