Compound: TPCN04325
SMILES:   CC1OC(OC2C(CO)OC(OCC3OC(OC(=O)C45CCC6(C)C(=CCC7C8(C)CCC(OC9OCC(O)C(O)C9OC%11OC(C)C(O)C(OC%10OCC(O)C(O)C%10O)C%11O)C(C)(C)C8CCC76C)C4CC(C)(C)C(O)C5)C(O)C(O)C3O)C(O)C2O)C(O)C(O)C1O

All beads
--------------------------------------------------------------------------------
index    bead_type  atoms_idx            atoms_elem           #conns       mass     x        y        z       
0        TC4        0,1                  C,C                  2            36.0     -1.7186  0.2339   0.0413  
1        TN4a       2,3                  O,C                  3            36.0     -1.4896  0.1761   -0.1698 
2        TN6        4,5                  O,C                  3            36.0     -1.2840  0.2370   -0.1678 
3        SN4a       6,9,10               C,O,C                4            54.0     -1.0177  0.2966   -0.1174 
4        TP1        7,8                  C,O                  1            36.0     -1.2151  0.4193   0.0556  
5        TN3r       11,12                O,C                  2            36.0     -0.7847  0.1805   0.0064  
6        SN4a       13,14,15             C,O,C                4            54.0     -0.6031  0.0455   0.1986  
7        SN4a       16,17,18             O,C,O                2            54.0     -0.3512  -0.0843  0.2418  
8        SC5        19,70,71             C,C,C                5            54.0     -0.0468  -0.2293  0.1329  
9        TC3        20,21                C,C                  2            36.0     -0.1801  -0.0367  -0.0803 
10       SC4        22,23,24             C,C,C                4            54.0     -0.0847  0.1354   0.1014  
11       TC3        25,26                C,C                  2            36.0     0.1542   0.0643   0.2764  
12       SC4        27,68,69             C,C,C                4            54.0     0.1381   0.2375   -0.0376 
13       SC4        28,29,65             C,C,C                4            54.0     0.4335   0.0582   0.1609  
14       TC3        30,31                C,C                  2            36.0     0.4983   0.1522   -0.1186 
15       TN6        32,33                C,O                  3            36.0     0.6617   -0.0394  -0.0762 
16       SN4a       34,35,36             C,O,C                3            54.0     0.7818   -0.0037  -0.3233 
17       TN6        37,38                C,O                  2            36.0     0.7726   -0.2358  -0.4885 
18       TN6        39,40                C,O                  2            36.0     0.9873   -0.2178  -0.4161 
19       TN6        41,42                C,O                  3            36.0     0.9504   -0.1804  -0.1789 
20       TN4a       43,44                C,O                  3            36.0     1.1542   -0.2670  -0.1583 
21       TC4        45,46                C,C                  2            36.0     1.3269   -0.0368  -0.2583 
22       TN6        47,48                C,O                  2            36.0     1.4405   -0.0768  0.0021  
23       SN6        49,60,61             C,C,O                3            54.0     1.1671   -0.1912  0.0943  
24       TN6        50,51                O,C                  3            36.0     1.2149   0.0951   0.0903  
25       TN4a       52,53                O,C                  2            36.0     1.3700   0.3043   0.0468  
26       TN6        54,55                C,O                  2            36.0     1.2093   0.4894   0.0179  
27       TN6        56,57                C,O                  2            36.0     1.0850   0.4260   0.1970  
28       TN6        58,59                C,O                  2            36.0     1.0411   0.1962   0.1432  
29       SC4        62,63,64             C,C,C                2            54.0     0.5452   -0.2268  0.0323  
30       TC3        66,67                C,C                  2            36.0     0.2201   -0.0477  -0.1319 
31       SC4        72,73,74             C,C,C                2            54.0     -0.0217  -0.5092  0.1602  
32       SN6        75,76,77             C,O,C                2            54.0     -0.2850  -0.3969  0.1076  
33       TN6        78,79                C,O                  2            36.0     -0.5906  -0.1790  0.3202  
34       TN6        80,81                C,O                  2            36.0     -0.8051  -0.1023  0.3782  
35       TN6        82,83                C,O                  2            36.0     -0.8978  -0.0424  0.1861  
36       TN6        84,85                C,O                  2            36.0     -0.9778  0.0895   -0.2801 
37       TN6        86,87                C,O                  2            36.0     -1.1882  0.0782   -0.2750 
38       TN6        88,89                C,O                  2            36.0     -1.5106  -0.0637  -0.1605 
39       TN6        90,91                C,O                  2            36.0     -1.5272  -0.0886  0.0841  
40       TN6        92,93                C,O                  2            36.0     -1.5390  0.1259   0.1939  

Bead connections
--------------------------------------------------------------------------------
index    to_idx   bond    
0        1        1.0     
0        40       1.0     
1        2        1.0     
1        38       1.0     
2        3        1.0     
2        37       1.0     
3        4        1.0     
3        5        1.0     
3        36       1.0     
5        6        1.0     
6        7        1.0     
6        33       1.0     
6        35       1.0     
7        8        1.0     
8        9        1.0     
8        10       1.0     
8        31       1.0     
8        32       1.0     
9        10       1.0     
10       11       2.0     
10       12       1.0     
11       12       1.0     
12       13       1.0     
12       30       1.0     
13       14       1.0     
13       29       1.0     
13       30       1.0     
14       15       1.0     
15       16       1.0     
15       29       1.0     
16       17       1.0     
16       19       1.0     
17       18       1.0     
18       19       1.0     
19       20       1.0     
20       21       1.0     
20       23       1.0     
21       22       1.0     
22       23       1.0     
23       24       1.0     
24       25       1.0     
24       28       1.0     
25       26       1.0     
26       27       1.0     
27       28       1.0     
31       32       1.0     
33       34       1.0     
34       35       1.0     
36       37       1.0     
38       39       1.0     
39       40       1.0     