Compound: TPCN06335
SMILES:   COc1ccc(C=CC(=O)OC2C(OC3C(CO)OC(OC4COC(OC5C(O)C(C)OC(OC6C(OC7CCC8(C)C(CCC9(C)C8CC=C%16C%10CC(C)(C)CCC%10(C(=O)OC%17OC(COC%11OC(CO)C(OC%12OC(C)C(O)C(O)C%12O)C(O)C%11O)C(O)C(O)C%17O)CCC%169C)C7(C)C)OCC(O)C6O)C5O)C(O)C4O)C(O)C3O)OC(CO)C(O)C2OC%13OC(COC%14OC(C)C(O)C(O)C%14O)C(OC%15OC(CO)C(O)C(O)C%15O)C(O)C%13O)cc1O

All beads
--------------------------------------------------------------------------------
index    bead_type  atoms_idx            atoms_elem           #conns       mass     x        y        z       
0        SN2a       0,1,2                C,O,c                2            54.0     -1.6625  -0.6560  -0.3397 
1        TC5        3,4                  c,c                  2            36.0     -1.4064  -0.6492  -0.1299 
2        TC5        5,157                c,c                  3            36.0     -1.3290  -0.3595  -0.1684 
3        N4a        6,7,8,9,10           C,C,C,O,O            2            72.0     -1.1306  -0.3175  0.0201  
4        SN6        11,123,124           C,C,O                4            54.0     -1.2410  0.0750   0.0397  
5        TN6        12,13                C,O                  3            36.0     -1.0824  0.0389   -0.1753 
6        SN6        14,115,116           C,C,O                3            54.0     -0.9381  -0.1100  -0.3198 
7        TN4a       15,18                C,O                  3            36.0     -0.7510  0.0848   -0.3034 
8        TP1        16,17                C,O                  1            36.0     -0.8145  0.2650   -0.2049 
9        TN6        19,20                C,O                  3            36.0     -0.6368  -0.1010  -0.1829 
10       SN6        21,111,112           C,C,O                3            54.0     -0.6154  -0.1224  0.0983  
11       TN4a       22,23                C,O                  2            36.0     -0.6238  -0.3811  -0.0252 
12       TN6        24,25                C,O                  3            36.0     -0.4237  -0.3489  0.1627  
13       SN6        26,107,108           C,C,O                3            54.0     -0.1893  -0.3490  0.0138  
14       TN6        27,28                C,O                  2            36.0     -0.2163  -0.1571  0.2958  
15       TC4        29,30                C,C                  2            36.0     0.0228   -0.1629  0.3345  
16       TN4a       31,32                O,C                  3            36.0     0.0065   -0.2182  0.0289  
17       TN6        33,34                O,C                  3            36.0     -0.0178  -0.0207  -0.0544 
18       TN6        35,36                C,O                  3            36.0     0.1445   0.0715   0.0340  
19       SC3        37,38,39             C,C,C                3            54.0     0.4419   0.1528   0.0566  
20       SC4        40,41,42             C,C,C                4            54.0     0.5758   -0.0613  0.1191  
21       TC3        43,44                C,C                  2            36.0     0.6758   -0.2121  -0.1489 
22       SC4        45,46,47             C,C,C                4            54.0     0.8271   -0.0055  -0.1521 
23       TC3        48,49                C,C                  2            36.0     0.8728   0.2066   -0.0210 
24       SC4        50,96,97             C,C,C                4            54.0     0.9758   -0.1576  0.0552  
25       SC5        51,52,58             C,C,C                5            54.0     1.2155   0.0868   0.1048  
26       SC4        53,54,55             C,C,C                2            54.0     1.2948   0.3036   -0.0846 
27       TC3        56,57                C,C                  2            36.0     1.4286   0.0499   -0.0915 
28       SN4a       59,60,61             C,O,O                2            54.0     1.3472   -0.1422  0.1586  
29       SN4a       62,63,64             C,O,C                4            54.0     1.6615   -0.1404  0.2093  
30       TN3r       65,66                C,O                  2            36.0     1.7894   0.0963   0.1049  
31       SN4a       67,68,69             C,O,C                4            54.0     1.9572   0.1502   -0.1206 
32       TP1        70,71                C,O                  1            36.0     2.0096   -0.1096  -0.2087 
33       TN6        72,73                C,O                  3            36.0     2.2060   0.0930   -0.1779 
34       TN4a       74,75                C,O                  3            36.0     2.4008   0.0437   -0.0967 
35       TC4        76,77                C,C                  2            36.0     2.5944   0.0674   0.1261  
36       TN6        78,79                C,O                  2            36.0     2.6514   -0.1472  0.0378  
37       TN6        80,81                C,O                  2            36.0     2.5873   -0.1579  -0.1721 
38       TN6        82,83                C,O                  2            36.0     2.3720   -0.1493  -0.2200 
39       TN6        84,85                C,O                  2            36.0     2.2075   0.3123   -0.0729 
40       TN6        86,87                C,O                  2            36.0     2.0887   0.2439   0.1172  
41       TN6        88,89                C,O                  2            36.0     1.6430   0.1227   0.3580  
42       TN6        90,91                C,O                  2            36.0     1.6262   -0.0619  0.5175  
43       TN6        92,93                C,O                  2            36.0     1.4731   -0.1952  0.3922  
44       TC3        94,95                C,C                  2            36.0     1.1407   -0.1887  -0.1389 
45       SC4        98,99,100            C,C,C                2            54.0     0.3707   -0.0281  -0.2035 
46       TN4a       101,102              O,C                  2            36.0     0.0582   0.3139   0.0147  
47       TN6        103,104              C,O                  2            36.0     -0.0250  0.3154   -0.1921 
48       TN6        105,106              C,O                  2            36.0     -0.1647  0.1250   -0.1621 
49       TN6        109,110              C,O                  2            36.0     -0.6037  -0.2528  0.2960  
50       TN6        113,114              C,O                  2            36.0     -0.6981  -0.1634  -0.3871 
51       TN4a       117,118              O,C                  3            36.0     -1.2351  0.2642   -0.1640 
52       TP1        119,120              C,O                  1            36.0     -1.2915  0.2560   -0.3924 
53       TN6        121,122              C,O                  2            36.0     -1.4230  0.0793   -0.1325 
54       SN4a       125,126,127          C,O,C                4            54.0     -1.5213  0.1807   0.1821  
55       TN3r       128,129              C,O                  2            36.0     -1.7164  0.3124   0.3107  
56       TN4a       130,131              C,O                  3            36.0     -1.8152  0.4522   0.1274  
57       TC4        132,133              C,C                  2            36.0     -1.9699  0.7154   0.0967  
58       TN6        134,135              C,O                  2            36.0     -1.9184  0.6075   -0.1320 
59       TN6        136,137              C,O                  2            36.0     -1.7354  0.4907   -0.1446 
60       TN6        138,139              C,O                  2            36.0     -1.5924  0.5293   0.0715  
61       TN6        140,141              C,O                  3            36.0     -1.6964  0.0110   0.2290  
62       SN4a       142,143,144          C,O,C                4            54.0     -1.9404  -0.0417  0.1470  
63       TP1        145,146              C,O                  1            36.0     -2.1920  0.1060   0.0549  
64       TN6        147,148              C,O                  2            36.0     -2.1738  -0.1626  0.0838  
65       TN6        149,150              C,O                  2            36.0     -1.9918  -0.3074  0.1202  
66       TN6        151,152              C,O                  2            36.0     -1.9038  -0.2469  0.3166  
67       TN6        153,154              C,O                  2            36.0     -1.5915  -0.0490  0.3937  
68       TN6        155,156              C,O                  2            36.0     -1.3836  -0.0023  0.3783  
69       TN6        158,159              c,O                  2            36.0     -1.5556  -0.3277  -0.3210 

Bead connections
--------------------------------------------------------------------------------
index    to_idx   bond    
0        1        1.5     
0        69       1.5     
1        2        1.5     
2        3        1.0     
2        69       1.5     
3        4        1.0     
4        5        1.0     
4        53       1.0     
4        54       1.0     
5        6        1.0     
5        51       1.0     
6        7        1.0     
6        50       1.0     
7        8        1.0     
7        9        1.0     
9        10       1.0     
9        50       1.0     
10       11       1.0     
10       49       1.0     
11       12       1.0     
12       13       1.0     
12       49       1.0     
13       14       1.0     
13       16       1.0     
14       15       1.0     
15       16       1.0     
16       17       1.0     
17       18       1.0     
17       48       1.0     
18       19       1.0     
18       46       1.0     
19       20       1.0     
19       45       1.0     
20       21       1.0     
20       22       1.0     
20       45       1.0     
21       22       1.0     
22       23       1.0     
22       24       1.0     
23       24       2.0     
24       25       1.0     
24       44       1.0     
25       26       1.0     
25       27       1.0     
25       28       1.0     
25       44       1.0     
26       27       1.0     
28       29       1.0     
29       30       1.0     
29       41       1.0     
29       43       1.0     
30       31       1.0     
31       32       1.0     
31       33       1.0     
31       40       1.0     
33       34       1.0     
33       39       1.0     
34       35       1.0     
34       38       1.0     
35       36       1.0     
36       37       1.0     
37       38       1.0     
39       40       1.0     
41       42       1.0     
42       43       1.0     
46       47       1.0     
47       48       1.0     
51       52       1.0     
51       53       1.0     
54       55       1.0     
54       61       1.0     
54       68       1.0     
55       56       1.0     
56       57       1.0     
56       60       1.0     
57       58       1.0     
58       59       1.0     
59       60       1.0     
61       62       1.0     
61       67       1.0     
62       63       1.0     
62       64       1.0     
62       66       1.0     
64       65       1.0     
65       66       1.0     
67       68       1.0     