Compound: TPCN06008
SMILES:   C=C1CCC2(C(=O)OC3OC(COC4OC(CO)C(O)C(O)C4O)C(O)C(O)C3O)CCC8(C)C(=CCC9C5(C)CCC(OC6OCC(O)C(OC7OC(CO)C(O)C(O)C7O)C6OC%10OC(C)C(O)C(O)C%10O)C(C)(C)C5CCC98C)C2C1

All beads
--------------------------------------------------------------------------------
index    bead_type  atoms_idx            atoms_elem           #conns       mass     x        y        z       
0        SC4        0,1,83               C,C,C                2            54.0     0.6118   -0.4837  0.3104  
1        TC3        2,3                  C,C                  2            36.0     0.6298   -0.2704  0.5379  
2        TC5        4,82                 C,C                  5            36.0     0.4200   -0.2815  0.3998  
3        SN4a       5,6,7                C,O,O                2            54.0     0.6026   -0.0729  0.2901  
4        SN4a       8,9,10               C,O,C                4            54.0     0.7758   0.0079   0.0572  
5        TN3r       11,12                C,O                  2            36.0     0.8014   0.2271   -0.1306 
6        SN4a       13,14,15             C,O,C                4            54.0     0.9872   0.3384   -0.3530 
7        TP1        16,17                C,O                  1            36.0     1.1598   0.1147   -0.3949 
8        TN6        18,19                C,O                  2            36.0     1.2789   0.4106   -0.3429 
9        TN6        20,21                C,O                  2            36.0     1.2238   0.3839   -0.1267 
10       TN6        22,23                C,O                  2            36.0     1.0157   0.5288   -0.1446 
11       TN6        24,25                C,O                  2            36.0     0.8538   -0.0600  -0.2310 
12       TN6        26,27                C,O                  2            36.0     0.7750   -0.2434  -0.1396 
13       TN6        28,29                C,O                  2            36.0     0.8162   -0.2665  0.0653  
14       TC3        30,31                C,C                  2            36.0     0.2961   -0.0333  0.4313  
15       SC4        32,33,34             C,C,C                4            54.0     0.1789   -0.2728  0.4689  
16       TC3        35,36                C,C                  2            36.0     0.2197   -0.2565  0.0638  
17       SC4        37,80,81             C,C,C                4            54.0     -0.0222  -0.3210  0.2613  
18       SC4        38,39,77             C,C,C                4            54.0     -0.0295  0.0503   0.1274  
19       TC3        40,41                C,C                  2            36.0     -0.1039  -0.0290  -0.1307 
20       TN6        42,43                C,O                  3            36.0     -0.3390  0.0682   -0.0739 
21       SN4a       44,45,46             C,O,C                3            54.0     -0.4622  0.2405   -0.2923 
22       TN6        47,48                C,O                  2            36.0     -0.6319  0.4151   -0.3242 
23       TN6        49,50                C,O                  3            36.0     -0.7523  0.2068   -0.2969 
24       SN4a       51,52,53             C,O,C                4            54.0     -1.0299  0.2249   -0.2693 
25       TP1        54,55                C,O                  1            36.0     -1.0250  0.2015   0.0201  
26       TN6        56,57                C,O                  2            36.0     -1.2509  0.3790   -0.1720 
27       TN6        58,59                C,O                  2            36.0     -1.1086  0.5585   -0.2060 
28       TN6        60,61                C,O                  2            36.0     -0.9033  0.4803   -0.2281 
29       TN6        62,63                C,O                  3            36.0     -0.6328  0.0422   -0.2449 
30       TN4a       64,65                C,O                  3            36.0     -0.6625  -0.1674  -0.1971 
31       TC4        66,67                C,C                  2            36.0     -0.7370  -0.2218  0.0929  
32       TN6        68,69                C,O                  2            36.0     -0.9191  -0.3843  -0.0387 
33       TN6        70,71                C,O                  2            36.0     -0.9200  -0.3430  -0.2545 
34       TN6        72,73                C,O                  2            36.0     -0.9169  -0.1276  -0.2397 
35       SC4        74,75,76             C,C,C                2            54.0     -0.3980  -0.1002  0.0905  
36       TC3        78,79                C,C                  2            36.0     -0.1586  -0.1120  0.3593  

Bead connections
--------------------------------------------------------------------------------
index    to_idx   bond    
0        1        1.0     
0        2        1.0     
1        2        1.0     
2        3        1.0     
2        14       1.0     
2        15       1.0     
3        4        1.0     
4        5        1.0     
4        11       1.0     
4        13       1.0     
5        6        1.0     
6        7        1.0     
6        8        1.0     
6        10       1.0     
8        9        1.0     
9        10       1.0     
11       12       1.0     
12       13       1.0     
14       15       1.0     
15       16       2.0     
15       17       1.0     
16       17       1.0     
17       18       1.0     
17       36       1.0     
18       19       1.0     
18       35       1.0     
18       36       1.0     
19       20       1.0     
20       21       1.0     
20       35       1.0     
21       22       1.0     
21       29       1.0     
22       23       1.0     
23       24       1.0     
23       29       1.0     
24       25       1.0     
24       26       1.0     
24       28       1.0     
26       27       1.0     
27       28       1.0     
29       30       1.0     
30       31       1.0     
30       34       1.0     
31       32       1.0     
32       33       1.0     
33       34       1.0     