Compound: TPCN05564
SMILES:   CC1(C)CCC2(C(=O)OC3OC(CO)C(O)C(O)C3O)CCC8(C)C(=CCC4C5(C)CCC(OC6OC(CO)C(O)C(OC7OC(CO)C(O)C(O)C7O)C6OC9OCC(O)C(O)C9O)C(C)(C)C5CCC48C)C2C1O

All beads
--------------------------------------------------------------------------------
index    bead_type  atoms_idx            atoms_elem           #conns       mass     x        y        z       
0        SC4        0,1,2                C,C,C                2            54.0     0.5583   0.0684   0.3779  
1        TC3        3,4                  C,C                  2            36.0     0.6214   -0.1984  0.2845  
2        TC5        5,73                 C,C                  5            36.0     0.4641   -0.1421  0.0953  
3        SN4a       6,7,8                C,O,O                2            54.0     0.7085   -0.1061  -0.0543 
4        SN4a       9,10,11              C,O,C                4            54.0     0.9512   0.0733   -0.0733 
5        TP1        12,13                C,O                  1            36.0     1.1447   -0.0810  -0.1431 
6        TN6        14,15                C,O                  2            36.0     1.0992   0.2312   -0.2198 
7        TN6        16,17                C,O                  2            36.0     0.9424   0.3719   -0.0857 
8        TN6        18,19                C,O                  2            36.0     0.7189   0.2560   -0.1404 
9        TC3        20,21                C,C                  2            36.0     0.4484   -0.3637  -0.0121 
10       SC4        22,23,24             C,C,C                4            54.0     0.4256   -0.1844  -0.2225 
11       TC3        25,26                C,C                  2            36.0     0.2873   0.0827   -0.1851 
12       SC4        27,71,72             C,C,C                4            54.0     0.1526   -0.2160  -0.2976 
13       SC4        28,29,68             C,C,C                4            54.0     -0.0594  -0.0650  -0.1109 
14       TC3        30,31                C,C                  2            36.0     -0.0761  0.2008   -0.0938 
15       TN6        32,33                C,O                  3            36.0     -0.2136  0.0958   0.1041  
16       SN4a       34,35,36             C,O,C                4            54.0     -0.4331  -0.0605  0.2383  
17       TP1        37,38                C,O                  1            36.0     -0.4575  0.0115   0.4757  
18       TN6        39,40                C,O                  2            36.0     -0.6933  -0.0380  0.2815  
19       TN6        41,42                C,O                  3            36.0     -0.6456  -0.1140  0.0590  
20       SN4a       43,44,45             C,O,C                4            54.0     -0.8217  -0.2231  -0.1477 
21       TP1        46,47                C,O                  1            36.0     -0.8201  -0.2340  -0.4340 
22       TN6        48,49                C,O                  2            36.0     -1.0808  -0.2110  -0.2481 
23       TN6        50,51                C,O                  2            36.0     -1.0521  -0.0543  -0.0721 
24       TN6        52,53                C,O                  2            36.0     -0.9497  -0.2554  0.0630  
25       TN6        54,55                C,O                  3            36.0     -0.5242  0.0446   0.0045  
26       SN4a       56,57,58             C,O,C                3            54.0     -0.4711  0.3119   0.0681  
27       TN6        59,60                C,O                  2            36.0     -0.6184  0.5556   0.1103  
28       TN6        61,62                C,O                  2            36.0     -0.7345  0.4531   -0.0443 
29       TN6        63,64                C,O                  2            36.0     -0.6545  0.2908   -0.1584 
30       SC4        65,66,67             C,C,C                2            54.0     -0.0125  0.0384   0.2418  
31       TC3        69,70                C,C                  2            36.0     0.0596   -0.2729  -0.0033 
32       TN6        74,75                C,O                  2            36.0     0.4644   0.1168   0.1511  

Bead connections
--------------------------------------------------------------------------------
index    to_idx   bond    
0        1        1.0     
0        32       1.0     
1        2        1.0     
2        3        1.0     
2        9        1.0     
2        10       1.0     
2        32       1.0     
3        4        1.0     
4        5        1.0     
4        6        1.0     
4        8        1.0     
6        7        1.0     
7        8        1.0     
9        10       1.0     
10       11       2.0     
10       12       1.0     
11       12       1.0     
12       13       1.0     
12       31       1.0     
13       14       1.0     
13       30       1.0     
13       31       1.0     
14       15       1.0     
15       16       1.0     
15       30       1.0     
16       17       1.0     
16       18       1.0     
16       25       1.0     
18       19       1.0     
19       20       1.0     
19       25       1.0     
20       21       1.0     
20       22       1.0     
20       24       1.0     
22       23       1.0     
23       24       1.0     
25       26       1.0     
26       27       1.0     
26       29       1.0     
27       28       1.0     
28       29       1.0     