Compound: TPCN05891
SMILES:   CC1OC(OC2C(C)OC(OC(=O)C34CCC(C)(C)CC3C9=CCC5C6(C)CCC(OC7OC(C(=O)O)C(O)C(OC8OCC(O)C(O)C8O)C7OC%13OC(CO)C(O)C(O)C%13O)C(C)(C=O)C6CCC5(C)C9(C)CC4O)C(OC%10OC(C)C(O)C(OC%11OCC(O)C(OC%12OCC(O)C(O)C%12O)C%11O)C%10O)C2O)C(O)C(O)C1O

All beads
--------------------------------------------------------------------------------
index    bead_type  atoms_idx            atoms_elem           #conns       mass     x        y        z       
0        TC4        0,1                  C,C                  2            36.0     -0.9155  0.8385   0.0970  
1        TN4a       2,3                  O,C                  3            36.0     -0.8279  0.6727   0.3303  
2        TN6        4,5                  O,C                  3            36.0     -0.6690  0.5590   0.2486  
3        TC4        6,7                  C,C                  2            36.0     -0.4294  0.5881   0.2157  
4        TN4a       8,9                  O,C                  3            36.0     -0.5327  0.4120   -0.0318 
5        SN4a       10,11,12             O,C,O                2            54.0     -0.3690  0.2650   -0.0660 
6        SC5        13,19,20             C,C,C                5            54.0     -0.2365  0.0264   -0.0043 
7        TC3        14,15                C,C                  2            36.0     -0.1788  0.1838   0.2437  
8        SC4        16,17,18             C,C,C                2            54.0     -0.2644  -0.0958  0.2735  
9        SC4        21,72,73             C,C,C                4            54.0     0.0834   0.1286   -0.1724 
10       TC3        22,23                C,C                  2            36.0     0.0889   -0.1642  -0.0912 
11       SC4        24,70,71             C,C,C                4            54.0     0.2521   0.0411   0.1167  
12       SC4        25,26,67             C,C,C                4            54.0     0.4452   -0.0652  -0.1592 
13       TC3        27,28                C,C                  2            36.0     0.5099   -0.3049  -0.0936 
14       TN6        29,30                C,O                  3            36.0     0.7304   -0.2360  -0.0006 
15       SN4a       31,32,33             C,O,C                4            54.0     0.9149   -0.3822  0.1312  
16       SP2        34,35,36             C,O,O                1            54.0     1.0203   -0.6987  0.1573  
17       TN6        37,38                C,O                  2            36.0     1.0942   -0.3691  0.2931  
18       TN6        39,40                C,O                  3            36.0     1.2055   -0.3135  0.0840  
19       SN4a       41,42,43             C,O,C                3            54.0     1.5104   -0.4172  0.0981  
20       TN6        44,45                C,O                  2            36.0     1.7250   -0.3505  0.0244  
21       TN6        46,47                C,O                  2            36.0     1.6431   -0.3277  -0.1801 
22       TN6        48,49                C,O                  2            36.0     1.4045   -0.4454  -0.1560 
23       TN6        50,51                C,O                  3            36.0     1.0608   -0.2330  -0.0476 
24       SN4a       52,53,54             C,O,C                4            54.0     1.2230   -0.0284  -0.0682 
25       TP1        55,56                C,O                  1            36.0     1.4245   0.1276   0.1201  
26       TN6        57,58                C,O                  2            36.0     1.3731   0.1834   -0.1400 
27       TN6        59,60                C,O                  2            36.0     1.2338   0.1812   -0.3106 
28       TN6        61,62                C,O                  2            36.0     1.0453   0.0405   -0.2606 
29       TC4        63,64                C,C                  3            36.0     0.7551   0.0074   0.0709  
30       TN4a       65,66                C,O                  1            36.0     0.7432   0.0057   -0.2033 
31       TC3        68,69                C,C                  2            36.0     0.4372   0.1911   -0.0376 
32       SN6        74,75,76             C,C,O                2            54.0     -0.0179  0.3499   -0.0159 
33       TN6        77,78                C,O                  3            36.0     -0.7035  0.2889   0.0466  
34       TN4a       79,80                C,O                  3            36.0     -0.9089  0.2123   0.0269  
35       TC4        81,82                C,C                  2            36.0     -1.1023  0.3377   -0.1967 
36       TN6        83,84                C,O                  2            36.0     -1.1602  0.1021   -0.1589 
37       TN6        85,86                C,O                  3            36.0     -1.0200  -0.0450  -0.0860 
38       SN4a       87,88,89             C,O,C                3            54.0     -1.1940  -0.2676  -0.0302 
39       TN6        90,91                C,O                  2            36.0     -1.3855  -0.4192  -0.1191 
40       TN6        92,93                C,O                  3            36.0     -1.2098  -0.4712  -0.2429 
41       SN4a       94,95,96             C,O,C                3            54.0     -1.1947  -0.7911  -0.1409 
42       TN6        97,98                C,O                  2            36.0     -0.9473  -0.8804  -0.1245 
43       TN6        99,100               C,O                  2            36.0     -0.9016  -0.7475  -0.2993 
44       TN6        101,102              C,O                  2            36.0     -1.1162  -0.6933  -0.3947 
45       TN6        103,104              C,O                  2            36.0     -1.0513  -0.3285  -0.2773 
46       TN6        105,106              C,O                  2            36.0     -0.7934  0.0369   -0.1064 
47       TN6        107,108              C,O                  2            36.0     -0.8118  0.4488   0.1389  
48       TN6        109,110              C,O                  2            36.0     -0.6749  0.8761   0.3915  
49       TN6        111,112              C,O                  2            36.0     -0.8891  0.9572   0.4960  
50       TN6        113,114              C,O                  2            36.0     -0.9689  1.0211   0.2976  

Bead connections
--------------------------------------------------------------------------------
index    to_idx   bond    
0        1        1.0     
0        50       1.0     
1        2        1.0     
1        48       1.0     
2        3        1.0     
2        47       1.0     
3        4        1.0     
4        5        1.0     
4        33       1.0     
5        6        1.0     
6        7        1.0     
6        8        1.0     
6        9        1.0     
6        32       1.0     
7        8        1.0     
9        10       2.0     
9        11       1.0     
9        32       1.0     
10       11       1.0     
11       12       1.0     
11       31       1.0     
12       13       1.0     
12       29       1.0     
12       31       1.0     
13       14       1.0     
14       15       1.0     
14       29       1.0     
15       16       1.0     
15       17       1.0     
15       23       1.0     
17       18       1.0     
18       19       1.0     
18       23       1.0     
19       20       1.0     
19       22       1.0     
20       21       1.0     
21       22       1.0     
23       24       1.0     
24       25       1.0     
24       26       1.0     
24       28       1.0     
26       27       1.0     
27       28       1.0     
29       30       1.0     
33       34       1.0     
33       47       1.0     
34       35       1.0     
34       46       1.0     
35       36       1.0     
36       37       1.0     
37       38       1.0     
37       46       1.0     
38       39       1.0     
38       45       1.0     
39       40       1.0     
40       41       1.0     
40       45       1.0     
41       42       1.0     
41       44       1.0     
42       43       1.0     
43       44       1.0     
48       49       1.0     
49       50       1.0     