Compound: TPCN04189
SMILES:   CC1OC(OC2C(OC3CCC4(C)C(CCC5(C)C4CC=C9C6CC(C)(C)CCC6(C(=O)O)CCC95C)C3(C)C)OCC(O)C2O)C(O)C(OC7OCC(O)C(OC8OC(C)C(OC%10OCC(O)C(OC%11OCC(OC%12OCC(O)C(O)C%12O)C(O)C%11O)C%10O)C(O)C8O)C7O)C1O

All beads
--------------------------------------------------------------------------------
index    bead_type  atoms_idx            atoms_elem           #conns       mass     x        y        z       
0        TC4        0,1                  C,C                  2            36.0     -0.1269  0.1281   -0.4448 
1        TN4a       2,3                  O,C                  3            36.0     -0.1816  0.0064   -0.1783 
2        TN6        4,5                  O,C                  3            36.0     -0.3055  -0.1420  -0.1229 
3        TN6        6,7                  C,O                  3            36.0     -0.4076  -0.0961  0.0599  
4        SC3        8,9,10               C,C,C                3            54.0     -0.6701  -0.1255  0.2253  
5        SC4        11,12,13             C,C,C                4            54.0     -0.8745  0.0436   0.1652  
6        TC3        14,15                C,C                  2            36.0     -0.9107  0.2098   -0.0447 
7        SC4        16,17,18             C,C,C                4            54.0     -0.9684  -0.0389  -0.1640 
8        TC3        19,20                C,C                  2            36.0     -1.1342  -0.1691  0.1217  
9        SC4        21,35,36             C,C,C                4            54.0     -1.2510  0.1265   -0.1191 
10       SC5        22,23,29             C,C,C                5            54.0     -1.4499  -0.0162  0.1121  
11       SC4        24,25,26             C,C,C                2            54.0     -1.6811  -0.0241  0.2695  
12       TC3        27,28                C,C                  2            36.0     -1.6524  -0.1848  0.0097  
13       SP2        30,31,32             C,O,O                1            54.0     -1.6322  0.1323   -0.1478 
14       TC3        33,34                C,C                  2            36.0     -1.3309  -0.1083  -0.2326 
15       SC4        37,38,39             C,C,C                2            54.0     -0.5815  0.1855   0.1177  
16       TN4a       40,41                O,C                  2            36.0     -0.3910  -0.3427  0.1448  
17       TN6        42,43                C,O                  2            36.0     -0.2690  -0.4623  -0.0068 
18       TN6        44,45                C,O                  2            36.0     -0.4344  -0.3469  -0.1737 
19       TN6        46,47                C,O                  2            36.0     -0.0080  -0.0266  -0.0157 
20       SN6        48,96,97             C,C,O                3            54.0     -0.0023  0.2262   -0.2384 
21       TN6        49,50                O,C                  3            36.0     0.1695   0.2779   -0.1012 
22       TN4a       51,52                O,C                  2            36.0     0.3064   0.4888   -0.0239 
23       TN6        53,54                C,O                  2            36.0     0.5227   0.4419   0.0434  
24       TN6        55,56                C,O                  3            36.0     0.4979   0.2427   -0.0893 
25       TN4a       57,58                C,O                  3            36.0     0.6907   0.1955   -0.1494 
26       TC4        59,60                C,C                  2            36.0     0.7023   -0.1198  -0.2147 
27       TN6        61,62                C,O                  3            36.0     0.8723   -0.0756  -0.0498 
28       SN4a       63,64,65             C,O,C                3            54.0     1.0160   -0.3843  0.0031  
29       TN6        66,67                C,O                  2            36.0     1.2376   -0.4052  -0.0899 
30       TN6        68,69                C,O                  3            36.0     1.2613   -0.2362  0.0498  
31       SN4a       70,71,72             C,O,C                3            54.0     1.5516   -0.1930  0.0881  
32       TN6        73,74                C,O                  3            36.0     1.6804   -0.0282  0.1333  
33       SN4a       75,76,77             C,O,C                3            54.0     1.5798   0.2352   0.0315  
34       TN6        78,79                C,O                  2            36.0     1.6027   0.3558   -0.2049 
35       TN6        80,81                C,O                  2            36.0     1.7412   0.1608   -0.2357 
36       TN6        82,83                C,O                  2            36.0     1.8584   0.1231   -0.0629 
37       TN6        84,85                C,O                  2            36.0     1.6179   -0.0552  0.3692  
38       TN6        86,87                C,O                  2            36.0     1.4493   -0.2311  0.3399  
39       TN6        88,89                C,O                  2            36.0     1.0817   -0.1470  0.1468  
40       TN6        90,91                C,O                  2            36.0     0.8159   0.0377   0.1370  
41       TN6        92,93                C,O                  2            36.0     0.8738   0.2515   -0.0022 
42       TN6        94,95                C,O                  2            36.0     0.3038   0.1287   0.0038  

Bead connections
--------------------------------------------------------------------------------
index    to_idx   bond    
0        1        1.0     
0        20       1.0     
1        2        1.0     
1        19       1.0     
2        3        1.0     
2        18       1.0     
3        4        1.0     
3        16       1.0     
4        5        1.0     
4        15       1.0     
5        6        1.0     
5        7        1.0     
5        15       1.0     
6        7        1.0     
7        8        1.0     
7        9        1.0     
8        9        2.0     
9        10       1.0     
9        14       1.0     
10       11       1.0     
10       12       1.0     
10       13       1.0     
10       14       1.0     
11       12       1.0     
16       17       1.0     
17       18       1.0     
19       20       1.0     
20       21       1.0     
21       22       1.0     
21       42       1.0     
22       23       1.0     
23       24       1.0     
24       25       1.0     
24       42       1.0     
25       26       1.0     
25       41       1.0     
26       27       1.0     
27       28       1.0     
27       40       1.0     
28       29       1.0     
28       39       1.0     
29       30       1.0     
30       31       1.0     
30       39       1.0     
31       32       1.0     
31       38       1.0     
32       33       1.0     
32       37       1.0     
33       34       1.0     
33       36       1.0     
34       35       1.0     
35       36       1.0     
37       38       1.0     
40       41       1.0     