Compound: TPCN04969
SMILES:   CC1OC(OC(=O)C23CCC(C)(C)CC2C8=CCC4C5(C)CCC(OC6OC(C(=O)O)C(O)C(OC7OCC(O)C(O)C7O)C6OC%13OC(CO)C(O)C(O)C%13OC%14OC(CO)C(O)C(O)C%14O)C(C)(C=O)C5CCC4(C)C8(C)CC3)C(OC9OC(C)C(OC%10OCC(O)C(OC%12OCC(O)C(O)C%12O)C%10O)C(OC%11OC(CO)C(O)C(O)C%11O)C9O)C(O)C1O

All beads
--------------------------------------------------------------------------------
index    bead_type  atoms_idx            atoms_elem           #conns       mass     x        y        z       
0        TC4        0,1                  C,C                  2            36.0     0.4162   -0.0960  0.4994  
1        TN4a       2,3                  O,C                  3            36.0     0.4365   0.1273   0.2793  
2        SN4a       4,5,6                O,C,O                2            54.0     0.2523   0.2112   0.1100  
3        SC5        7,13,14              C,C,C                5            54.0     0.2062   0.3943   0.3640  
4        TC3        8,9                  C,C                  2            36.0     0.3996   0.5320   0.2163  
5        SC4        10,11,12             C,C,C                2            54.0     0.4229   0.4925   0.5134  
6        SC4        15,77,78             C,C,C                4            54.0     -0.0704  0.5430   0.2754  
7        TC3        16,17                C,C                  2            36.0     -0.0401  0.1391   0.2785  
8        SC4        18,75,76             C,C,C                4            54.0     -0.2688  0.3379   0.3615  
9        SC4        19,20,72             C,C,C                4            54.0     -0.3247  0.2063   -0.0053 
10       TC3        21,22                C,C                  2            36.0     -0.3847  -0.0518  0.0649  
11       TN6        23,24                C,O                  3            36.0     -0.6399  0.0028   0.0279  
12       SN4a       25,26,27             C,O,C                4            54.0     -0.8068  0.1434   -0.1247 
13       SP2        28,29,30             C,O,O                1            54.0     -0.8727  0.4636   -0.1817 
14       TN6        31,32                C,O                  2            36.0     -0.9194  0.2027   -0.3952 
15       TN6        33,34                C,O                  3            36.0     -1.0235  0.0312   -0.2503 
16       SN4a       35,36,37             C,O,C                3            54.0     -1.2535  0.0474   -0.0664 
17       TN6        38,39                C,O                  2            36.0     -1.3562  0.2571   0.1013  
18       TN6        40,41                C,O                  2            36.0     -1.3793  0.3363   -0.1039 
19       TN6        42,43                C,O                  2            36.0     -1.2231  0.3020   -0.2407 
20       TN6        44,45                C,O                  3            36.0     -0.8396  -0.0782  -0.2094 
21       SN4a       46,47,48             C,O,C                4            54.0     -0.8508  -0.3587  -0.3182 
22       TP1        49,50                C,O                  1            36.0     -0.7513  -0.3605  -0.5367 
23       TN6        51,52                C,O                  2            36.0     -0.9785  -0.5928  -0.3494 
24       TN6        53,54                C,O                  2            36.0     -1.1530  -0.4307  -0.3631 
25       TN6        55,56                C,O                  3            36.0     -1.0884  -0.3043  -0.2079 
26       SN4a       57,58,59             C,O,C                4            54.0     -1.0481  -0.3347  0.0436  
27       TP1        60,61                C,O                  1            36.0     -0.8672  -0.3688  0.2712  
28       TN6        62,63                C,O                  2            36.0     -1.0676  -0.6031  0.1730  
29       TN6        64,65                C,O                  2            36.0     -1.3081  -0.4926  0.1859  
30       TN6        66,67                C,O                  2            36.0     -1.3164  -0.3402  0.0362  
31       TC4        68,69                C,C                  3            36.0     -0.7144  0.2157   0.1695  
32       TN4a       70,71                C,O                  1            36.0     -0.5563  0.0714   0.3334  
33       TC3        73,74                C,C                  2            36.0     -0.4247  0.4390   0.1663  
34       TC3        79,80                C,C                  2            36.0     0.0432   0.4592   0.0423  
35       TN6        81,82                C,O                  3            36.0     0.4962   -0.0169  0.1371  
36       TN4a       83,84                C,O                  3            36.0     0.6439   -0.0488  0.0185  
37       TC4        85,86                C,C                  2            36.0     0.8769   -0.0871  0.0995  
38       TN6        87,88                C,O                  3            36.0     0.9111   -0.0315  -0.1528 
39       SN4a       89,90,91             C,O,C                3            54.0     1.1447   -0.1299  -0.3743 
40       TN6        92,93                C,O                  2            36.0     1.4043   -0.0352  -0.4024 
41       TN6        94,95                C,O                  3            36.0     1.3564   -0.0185  -0.1821 
42       SN4a       96,97,98             C,O,C                3            54.0     1.5690   -0.0523  0.0069  
43       TN6        99,100               C,O                  2            36.0     1.7317   0.0817   0.1618  
44       TN6        101,102              C,O                  2            36.0     1.8341   0.0576   -0.0998 
45       TN6        103,104              C,O                  2            36.0     1.6658   0.1821   -0.1934 
46       TN6        105,106              C,O                  2            36.0     1.1772   0.0952   -0.1469 
47       TN6        107,108              C,O                  3            36.0     0.7578   -0.1641  -0.2189 
48       SN4a       109,110,111          C,O,C                4            54.0     0.8906   -0.3828  -0.3230 
49       TP1        112,113              C,O                  1            36.0     0.9128   -0.4091  -0.5764 
50       TN6        114,115              C,O                  2            36.0     0.9911   -0.6331  -0.3179 
51       TN6        116,117              C,O                  2            36.0     0.7502   -0.6776  -0.3024 
52       TN6        118,119              C,O                  2            36.0     0.7604   -0.4955  -0.1268 
53       TN6        120,121              C,O                  2            36.0     0.5475   -0.0509  -0.2084 
54       TN6        122,123              C,O                  2            36.0     0.3643   -0.2125  0.1581  
55       TN6        124,125              C,O                  2            36.0     0.2151   -0.1618  0.3495  

Bead connections
--------------------------------------------------------------------------------
index    to_idx   bond    
0        1        1.0     
0        55       1.0     
1        2        1.0     
1        35       1.0     
2        3        1.0     
3        4        1.0     
3        5        1.0     
3        6        1.0     
3        34       1.0     
4        5        1.0     
6        7        2.0     
6        8        1.0     
6        34       1.0     
7        8        1.0     
8        9        1.0     
8        33       1.0     
9        10       1.0     
9        31       1.0     
9        33       1.0     
10       11       1.0     
11       12       1.0     
11       31       1.0     
12       13       1.0     
12       14       1.0     
12       20       1.0     
14       15       1.0     
15       16       1.0     
15       20       1.0     
16       17       1.0     
16       19       1.0     
17       18       1.0     
18       19       1.0     
20       21       1.0     
21       22       1.0     
21       23       1.0     
21       25       1.0     
23       24       1.0     
24       25       1.0     
25       26       1.0     
26       27       1.0     
26       28       1.0     
26       30       1.0     
28       29       1.0     
29       30       1.0     
31       32       1.0     
35       36       1.0     
35       54       1.0     
36       37       1.0     
36       53       1.0     
37       38       1.0     
38       39       1.0     
38       47       1.0     
39       40       1.0     
39       46       1.0     
40       41       1.0     
41       42       1.0     
41       46       1.0     
42       43       1.0     
42       45       1.0     
43       44       1.0     
44       45       1.0     
47       48       1.0     
47       53       1.0     
48       49       1.0     
48       50       1.0     
48       52       1.0     
50       51       1.0     
51       52       1.0     
54       55       1.0     