Compound: TPCN04334
SMILES:   CC1(C)CCC23COC4(CCC5C6(C)CCC(OC7OCC(OC8OC(CO)C(O)C(O)C8OC%10OCC(O)C(O)C%10O)C(O)C7OC9OC(CO)C(O)C(O)C9O)C(C)(C)C6CCC5(C)C4(C)CC2O)C3C1

All beads
--------------------------------------------------------------------------------
index    bead_type  atoms_idx            atoms_elem           #conns       mass     x        y        z       
0        SC4        0,1,2                C,C,C                2            54.0     0.7053   -0.0793  0.4398  
1        TC3        3,4                  C,C                  2            36.0     0.9707   -0.0449  0.3111  
2        SC5        5,71,72              C,C,C                4            54.0     0.7338   0.0347   0.1790  
3        SN4a       6,7,8                C,O,C                3            54.0     0.9397   0.0924   -0.0157 
4        TC3        9,10                 C,C                  2            36.0     0.5886   0.2460   0.0002  
5        SC4        11,64,65             C,C,C                4            54.0     0.5266   0.1123   -0.2792 
6        SC4        12,13,61             C,C,C                4            54.0     0.3086   -0.0199  -0.0415 
7        TC3        14,15                C,C                  2            36.0     0.1442   0.1701   0.0164  
8        TN6        16,17                C,O                  3            36.0     -0.0322  0.0855   -0.1367 
9        SN4a       18,19,20             C,O,C                3            54.0     -0.3010  -0.0339  -0.1445 
10       TN6        21,22                C,O                  3            36.0     -0.4724  -0.0272  0.0450  
11       SN4a       23,24,25             C,O,C                4            54.0     -0.5148  -0.3070  0.1338  
12       TP1        26,27                C,O                  1            36.0     -0.2740  -0.3213  0.2964  
13       TN6        28,29                C,O                  2            36.0     -0.5939  -0.4212  0.3416  
14       TN6        30,31                C,O                  2            36.0     -0.6042  -0.1632  0.4134  
15       TN6        32,33                C,O                  3            36.0     -0.7140  -0.1648  0.2161  
16       SN4a       34,35,36             C,O,C                3            54.0     -0.8907  -0.2857  0.0155  
17       TN6        37,38                C,O                  2            36.0     -1.0303  -0.4793  0.1331  
18       TN6        39,40                C,O                  2            36.0     -1.1939  -0.2885  0.1491  
19       TN6        41,42                C,O                  2            36.0     -1.0508  -0.1151  0.2320  
20       TN6        43,44                C,O                  2            36.0     -0.3479  0.1549   0.1306  
21       TN6        45,46                C,O                  3            36.0     -0.3058  0.2286   -0.0702 
22       SN4a       47,48,49             C,O,C                4            54.0     -0.3611  0.3960   -0.2289 
23       TP1        50,51                C,O                  1            36.0     -0.1873  0.4044   -0.4908 
24       TN6        52,53                C,O                  2            36.0     -0.4911  0.5688   -0.4456 
25       TN6        54,55                C,O                  2            36.0     -0.4956  0.6282   -0.2165 
26       TN6        56,57                C,O                  2            36.0     -0.6041  0.4466   -0.1158 
27       SC4        58,59,60             C,C,C                2            54.0     0.0511   -0.1231  -0.2277 
28       TC3        62,63                C,C                  2            36.0     0.4111   -0.1395  -0.2698 
29       SC4        66,67,68             C,C,C                3            54.0     0.7582   -0.0749  -0.1789 
30       TN6        69,70                C,O                  2            36.0     0.8870   -0.2304  -0.0010 

Bead connections
--------------------------------------------------------------------------------
index    to_idx   bond    
0        1        1.0     
0        2        1.0     
1        2        1.0     
2        3        1.0     
2        30       1.0     
3        4        1.0     
3        29       1.0     
4        5        1.0     
5        6        1.0     
5        28       1.0     
5        29       1.0     
6        7        1.0     
6        27       1.0     
6        28       1.0     
7        8        1.0     
8        9        1.0     
8        27       1.0     
9        10       1.0     
9        21       1.0     
10       11       1.0     
10       20       1.0     
11       12       1.0     
11       13       1.0     
11       15       1.0     
13       14       1.0     
14       15       1.0     
15       16       1.0     
16       17       1.0     
16       19       1.0     
17       18       1.0     
18       19       1.0     
20       21       1.0     
21       22       1.0     
22       23       1.0     
22       24       1.0     
22       26       1.0     
24       25       1.0     
25       26       1.0     
29       30       1.0     