Compound: TPCN06302
SMILES:   CC1OC(OC2C(OC3C(OC4CCC5(C)C(CCC6(C)C5CC=C9C7CC(C)(COC8OC(CO)C(O)C(O)C8O)CC(=O)C7(C)CCC96C)C4(C)CO)OC(C(=O)O)C(O)C3O)OCC(O)C2O)C(O)C(O)C1O

All beads
--------------------------------------------------------------------------------
index    bead_type  atoms_idx            atoms_elem           #conns       mass     x        y        z       
0        TC4        0,1                  C,C                  2            36.0     -0.9650  0.2300   -0.2938 
1        TN4a       2,3                  O,C                  3            36.0     -0.9669  -0.0242  -0.1147 
2        TN6        4,5                  O,C                  3            36.0     -0.8889  -0.2194  -0.0598 
3        TN6        6,7                  C,O                  3            36.0     -0.6972  -0.1294  -0.0527 
4        SN6        8,62,63              C,C,O                3            54.0     -0.6341  0.0984   -0.0490 
5        TN6        9,10                 C,O                  3            36.0     -0.4624  0.0134   0.1731  
6        SC3        11,12,13             C,C,C                3            54.0     -0.1973  0.1306   -0.0074 
7        SC4        14,15,16             C,C,C                4            54.0     0.0164   0.2097   0.1698  
8        TC3        17,18                C,C                  2            36.0     0.0325   -0.1581  0.0744  
9        SC4        19,20,21             C,C,C                4            54.0     0.2423   -0.0040  0.1271  
10       TC3        22,23                C,C                  2            36.0     0.3485   0.2289   0.0414  
11       SC4        24,49,50             C,C,C                4            54.0     0.3218   -0.0452  -0.1725 
12       SC4        25,45,46             C,C,C                4            54.0     0.6619   -0.0990  0.0508  
13       SC4        26,27,28             C,C,C                3            54.0     0.7125   0.0995   -0.3409 
14       TN3r       29,30                C,O                  2            36.0     0.8973   0.1339   -0.1570 
15       SN4a       31,32,33             C,O,C                4            54.0     1.0989   0.0171   -0.0152 
16       TP1        34,35                C,O                  1            36.0     1.1771   0.0973   0.2623  
17       TN6        36,37                C,O                  2            36.0     1.3079   -0.1176  0.0588  
18       TN6        38,39                C,O                  2            36.0     1.4269   0.0309   -0.0908 
19       TN6        40,41                C,O                  2            36.0     1.2465   0.0957   -0.2423 
20       SN6a       42,43,44             C,C,O                2            54.0     0.8081   -0.1608  -0.2309 
21       TC3        47,48                C,C                  2            36.0     0.4605   -0.2579  -0.0693 
22       TC4        51,52                C,C                  3            36.0     -0.2234  -0.0730  0.3180  
23       TP1        53,54                C,O                  1            36.0     -0.2281  0.2016   0.3873  
24       TN4a       55,56                O,C                  3            36.0     -0.6408  0.1421   0.2959  
25       SP2        57,58,59             C,O,O                1            54.0     -0.8871  0.0660   0.2920  
26       TN6        60,61                C,O                  2            36.0     -0.6895  0.3083   0.1036  
27       TN4a       64,65                O,C                  2            36.0     -0.5812  -0.3498  0.0273  
28       TN6        66,67                C,O                  2            36.0     -0.7261  -0.5300  0.0532  
29       TN6        68,69                C,O                  2            36.0     -0.8994  -0.4239  -0.0762 
30       TN6        70,71                C,O                  2            36.0     -1.1862  -0.1376  -0.1960 
31       TN6        72,73                C,O                  2            36.0     -1.2477  0.0426   -0.0526 
32       TN6        74,75                C,O                  2            36.0     -1.1110  0.2080   -0.0943 

Bead connections
--------------------------------------------------------------------------------
index    to_idx   bond    
0        1        1.0     
0        32       1.0     
1        2        1.0     
1        30       1.0     
2        3        1.0     
2        29       1.0     
3        4        1.0     
3        27       1.0     
4        5        1.0     
4        26       1.0     
5        6        1.0     
5        24       1.0     
6        7        1.0     
6        22       1.0     
7        8        1.0     
7        9        1.0     
7        22       1.0     
8        9        1.0     
9        10       1.0     
9        11       1.0     
10       11       2.0     
11       12       1.0     
11       21       1.0     
12       13       1.0     
12       20       1.0     
12       21       1.0     
13       14       1.0     
13       20       1.0     
14       15       1.0     
15       16       1.0     
15       17       1.0     
15       19       1.0     
17       18       1.0     
18       19       1.0     
22       23       1.0     
24       25       1.0     
24       26       1.0     
27       28       1.0     
28       29       1.0     
30       31       1.0     
31       32       1.0     