Compound: TPCN05522
SMILES:   CC(=O)OC1C(C)OC(OC(=O)C23CCC(C)(C)CC2C8=CCC4C5(C)CCC(OC6OC(C(=O)O)C(O)C(OC7OCC(O)C(O)C7O)C6OC%11OC(CO)C(O)C(O)C%11O)C(C)(C=O)C5CCC4(C)C8(C)CC3)C(OC9OC(C)C(OC%10OCC(O)C(O)C%10O)C(O)C9O)C1OC(C)=O

All beads
--------------------------------------------------------------------------------
index    bead_type  atoms_idx            atoms_elem           #conns       mass     x        y        z       
0        SN4a       0,1,2,3              C,C,O,O              1            54.0     0.7005   0.6235   0.1249  
1        TC3        4,96                 C,C                  4            36.0     0.6590   0.3114   -0.1122 
2        TC4        5,6                  C,C                  2            36.0     0.6385   0.3113   0.1998  
3        TN4a       7,8                  O,C                  3            36.0     0.5352   0.1416   -0.0217 
4        SN4a       9,10,11              O,C,O                2            54.0     0.3831   0.0250   -0.1051 
5        SC5        12,18,19             C,C,C                5            54.0     0.2561   -0.0419  -0.4194 
6        TC3        13,14                C,C                  2            36.0     0.4926   -0.1320  -0.3497 
7        SC4        15,16,17             C,C,C                2            54.0     0.4458   0.0114   -0.6089 
8        SC4        20,71,72             C,C,C                4            54.0     0.0640   -0.2290  -0.3788 
9        TC3        21,22                C,C                  2            36.0     -0.0412  0.1311   -0.2075 
10       SC4        23,69,70             C,C,C                4            54.0     -0.1343  -0.0239  -0.4368 
11       SC4        24,25,66             C,C,C                4            54.0     -0.2997  -0.1386  -0.1262 
12       TC3        26,27                C,C                  2            36.0     -0.4160  0.0616   -0.0239 
13       TN6        28,29                C,O                  3            36.0     -0.6245  -0.0838  -0.0154 
14       SN4a       30,31,32             C,O,C                4            54.0     -0.8711  -0.0564  -0.1076 
15       SP2        33,34,35             C,O,O                1            54.0     -1.1696  -0.0092  -0.1993 
16       TN6        36,37                C,O                  2            36.0     -0.8696  0.2239   -0.0937 
17       TN6        38,39                C,O                  3            36.0     -0.9519  0.1628   0.0901  
18       SN4a       40,41,42             C,O,C                3            54.0     -1.0223  0.4564   0.2117  
19       TN6        43,44                C,O                  2            36.0     -1.2104  0.4702   0.3554  
20       TN6        45,46                C,O                  2            36.0     -1.0864  0.3601   0.5097  
21       TN6        47,48                C,O                  2            36.0     -0.8910  0.2747   0.4132  
22       TN6        49,50                C,O                  3            36.0     -0.8905  -0.0273  0.1473  
23       SN4a       51,52,53             C,O,C                4            54.0     -1.0502  -0.1270  0.3761  
24       TP1        54,55                C,O                  1            36.0     -1.2651  -0.0205  0.5451  
25       TN6        56,57                C,O                  2            36.0     -1.3259  -0.2339  0.2998  
26       TN6        58,59                C,O                  2            36.0     -1.1939  -0.3455  0.1660  
27       TN6        60,61                C,O                  2            36.0     -0.9767  -0.3238  0.2303  
28       TC4        62,63                C,C                  3            36.0     -0.6526  -0.1697  -0.2661 
29       TN4a       64,65                C,O                  1            36.0     -0.5411  -0.3591  -0.1067 
30       TC3        67,68                C,C                  2            36.0     -0.2850  -0.2829  -0.3590 
31       TC3        73,74                C,C                  2            36.0     0.1382   -0.2253  -0.1339 
32       TN6        75,76                C,O                  3            36.0     0.7394   0.0719   -0.0592 
33       TN4a       77,78                C,O                  3            36.0     0.8276   -0.0867  0.0658  
34       TC4        79,80                C,C                  2            36.0     0.8323   -0.2807  0.2959  
35       TN6        81,82                C,O                  3            36.0     1.0356   -0.1492  0.3240  
36       SN4a       83,84,85             C,O,C                3            54.0     1.2830   -0.3542  0.3702  
37       TN6        86,87                C,O                  2            36.0     1.4494   -0.2793  0.1538  
38       TN6        88,89                C,O                  2            36.0     1.4688   -0.0946  0.2741  
39       TN6        90,91                C,O                  2            36.0     1.3369   -0.1123  0.4846  
40       TN6        92,93                C,O                  2            36.0     1.0107   0.0839   0.2772  
41       TN6        94,95                C,O                  2            36.0     1.0545   -0.0142  0.0301  
42       SN4a       97,98,99,100         O,C,C,O              1            54.0     1.0107   0.3311   -0.2494 

Bead connections
--------------------------------------------------------------------------------
index    to_idx   bond    
0        1        1.0     
1        2        1.0     
1        32       1.0     
1        42       1.0     
2        3        1.0     
3        4        1.0     
3        32       1.0     
4        5        1.0     
5        6        1.0     
5        7        1.0     
5        8        1.0     
5        31       1.0     
6        7        1.0     
8        9        2.0     
8        10       1.0     
8        31       1.0     
9        10       1.0     
10       11       1.0     
10       30       1.0     
11       12       1.0     
11       28       1.0     
11       30       1.0     
12       13       1.0     
13       14       1.0     
13       28       1.0     
14       15       1.0     
14       16       1.0     
14       22       1.0     
16       17       1.0     
17       18       1.0     
17       22       1.0     
18       19       1.0     
18       21       1.0     
19       20       1.0     
20       21       1.0     
22       23       1.0     
23       24       1.0     
23       25       1.0     
23       27       1.0     
25       26       1.0     
26       27       1.0     
28       29       1.0     
32       33       1.0     
33       34       1.0     
33       41       1.0     
34       35       1.0     
35       36       1.0     
35       40       1.0     
36       37       1.0     
36       39       1.0     
37       38       1.0     
38       39       1.0     
40       41       1.0     