Compound: TPCN04695
SMILES:   CC1OC(OC2C(OCC34CCC5(C)C(=CCC6C7(C)CCC(OC8OC(COC9OC(CO)C(O)C(O)C9O)C(O)C(O)C8OC%11OC(CO)C(O)C(O)C%11O)C(C)(C)C7CCC65C)C3CC(C)(C)C(O)C4O)OC(COC%10OC(CO)C(O)C(O)C%10O)C(O)C2O)C(O)C(O)C1O

All beads
--------------------------------------------------------------------------------
index    bead_type  atoms_idx            atoms_elem           #conns       mass     x        y        z       
0        TC4        0,1                  C,C                  2            36.0     -1.0371  -0.1620  0.2898  
1        TN4a       2,3                  O,C                  3            36.0     -0.8796  -0.3115  0.0516  
2        TN6        4,5                  O,C                  3            36.0     -0.8282  -0.2006  -0.1322 
3        SN4a       6,74,75              C,O,C                4            54.0     -0.7674  0.0305   -0.0644 
4        TN3r       7,8                  O,C                  2            36.0     -0.5180  -0.0661  0.0227  
5        SC5        9,65,66              C,C,C                5            54.0     -0.3337  -0.1210  0.2468  
6        TC3        10,11                C,C                  2            36.0     -0.2774  -0.2102  -0.1019 
7        SC4        12,13,14             C,C,C                4            54.0     -0.1664  0.0645   -0.0086 
8        TC3        15,16                C,C                  2            36.0     0.0235   -0.0184  0.2548  
9        SC4        17,63,64             C,C,C                4            54.0     0.0531   -0.1569  -0.0029 
10       SC4        18,19,60             C,C,C                4            54.0     0.3046   -0.0961  0.0259  
11       TC3        20,21                C,C                  2            36.0     0.4203   0.1228   0.1292  
12       TN6        22,23                C,O                  3            36.0     0.5903   -0.0120  -0.0199 
13       SN4a       24,25,26             C,O,C                4            54.0     0.8285   0.0568   0.0670  
14       TN3r       27,28                C,O                  2            36.0     0.9905   0.2503   0.2229  
15       SN4a       29,30,31             C,O,C                4            54.0     1.0441   0.4930   0.0013  
16       TP1        32,33                C,O                  1            36.0     1.2264   0.4585   -0.2577 
17       TN6        34,35                C,O                  2            36.0     1.3375   0.4682   0.0122  
18       TN6        36,37                C,O                  2            36.0     1.2580   0.6426   0.1505  
19       TN6        38,39                C,O                  2            36.0     1.0635   0.5761   0.2390  
20       TN6        40,41                C,O                  2            36.0     1.1256   0.0894   0.0031  
21       TN6        42,43                C,O                  2            36.0     1.0412   -0.0388  -0.1414 
22       TN6        44,45                C,O                  3            36.0     0.8783   -0.1496  -0.0676 
23       SN4a       46,47,48             C,O,C                4            54.0     0.8920   -0.4289  -0.0572 
24       TP1        49,50                C,O                  1            36.0     1.1436   -0.4932  -0.2100 
25       TN6        51,52                C,O                  2            36.0     1.1548   -0.4870  0.0843  
26       TN6        53,54                C,O                  2            36.0     1.0053   -0.4212  0.2267  
27       TN6        55,56                C,O                  2            36.0     0.7776   -0.4458  0.1618  
28       SC4        57,58,59             C,C,C                2            54.0     0.4978   0.0146   -0.2422 
29       TC3        61,62                C,C                  2            36.0     0.1339   -0.0732  -0.2329 
30       SC4        67,68,69             C,C,C                2            54.0     -0.4686  -0.1973  0.4770  
31       TN6        70,71                C,O                  2            36.0     -0.6242  -0.2980  0.3094  
32       TN6        72,73                C,O                  2            36.0     -0.5070  -0.3855  0.1205  
33       TN3r       76,77                C,O                  2            36.0     -0.7932  0.3046   -0.1544 
34       SN4a       78,79,80             C,O,C                4            54.0     -1.0839  0.3703   -0.3080 
35       TP1        81,82                C,O                  1            36.0     -1.3707  0.3537   -0.2663 
36       TN6        83,84                C,O                  2            36.0     -1.2231  0.6234   -0.3893 
37       TN6        85,86                C,O                  2            36.0     -1.0720  0.7034   -0.2447 
38       TN6        87,88                C,O                  2            36.0     -0.8909  0.5604   -0.3378 
39       TN6        89,90                C,O                  2            36.0     -0.9602  0.0638   -0.2503 
40       TN6        91,92                C,O                  2            36.0     -0.8021  -0.0984  -0.3283 
41       TN6        93,94                C,O                  2            36.0     -1.0247  -0.4625  -0.0889 
42       TN6        95,96                C,O                  2            36.0     -1.2202  -0.3203  -0.0308 
43       TN6        97,98                C,O                  2            36.0     -1.1600  -0.3588  0.2052  

Bead connections
--------------------------------------------------------------------------------
index    to_idx   bond    
0        1        1.0     
0        43       1.0     
1        2        1.0     
1        41       1.0     
2        3        1.0     
2        40       1.0     
3        4        1.0     
3        33       1.0     
3        39       1.0     
4        5        1.0     
5        6        1.0     
5        7        1.0     
5        30       1.0     
5        32       1.0     
6        7        1.0     
7        8        2.0     
7        9        1.0     
8        9        1.0     
9        10       1.0     
9        29       1.0     
10       11       1.0     
10       28       1.0     
10       29       1.0     
11       12       1.0     
12       13       1.0     
12       28       1.0     
13       14       1.0     
13       20       1.0     
13       22       1.0     
14       15       1.0     
15       16       1.0     
15       17       1.0     
15       19       1.0     
17       18       1.0     
18       19       1.0     
20       21       1.0     
21       22       1.0     
22       23       1.0     
23       24       1.0     
23       25       1.0     
23       27       1.0     
25       26       1.0     
26       27       1.0     
30       31       1.0     
31       32       1.0     
33       34       1.0     
34       35       1.0     
34       36       1.0     
34       38       1.0     
36       37       1.0     
37       38       1.0     
39       40       1.0     
41       42       1.0     
42       43       1.0     