Compound: TPCN05749
SMILES:   CC1OC(OC2C(OC(=O)C34CCC(C)(C)CC3C%10=CCC5C6(C)CCC(OC7OC(CO)C(O)C(O)C7O)C(C)(C)C6CCC5(C)C%10(C)CC4O)OCC(O)C2O)C(O)C(O)C1OC8OCC(O)C(OC9OCC(O)C(O)C9O)C8O

All beads
--------------------------------------------------------------------------------
index    bead_type  atoms_idx            atoms_elem           #conns       mass     x        y        z       
0        TC4        0,1                  C,C                  2            36.0     0.5319   -0.1183  0.0747  
1        TN4a       2,3                  O,C                  3            36.0     0.3613   0.1031   -0.0823 
2        TN6        4,5                  O,C                  3            36.0     0.2533   0.0607   -0.2657 
3        SN4a       6,52,53              C,O,C                3            54.0     0.1231   -0.1348  -0.4400 
4        SN4a       7,8,9                O,C,O                2            54.0     -0.0053  -0.1716  -0.1722 
5        SC5        10,16,17             C,C,C                5            54.0     -0.1030  -0.3537  0.0964  
6        TC3        11,12                C,C                  2            36.0     0.1002   -0.1430  0.1598  
7        SC4        13,14,15             C,C,C                2            54.0     0.1569   -0.4463  0.1380  
8        SC4        18,47,48             C,C,C                4            54.0     -0.2552  -0.2008  0.2904  
9        TC3        19,20                C,C                  2            36.0     -0.4854  -0.3918  0.0332  
10       SC4        21,45,46             C,C,C                4            54.0     -0.5413  -0.2643  0.2926  
11       SC4        22,23,42             C,C,C                4            54.0     -0.5632  -0.0462  -0.0471 
12       TC3        24,25                C,C                  2            36.0     -0.8394  -0.1268  -0.0769 
13       TN6        26,27                C,O                  3            36.0     -0.9303  0.0897   0.0044  
14       SN4a       28,29,30             C,O,C                4            54.0     -1.1103  0.2484   -0.0047 
15       TP1        31,32                C,O                  1            36.0     -1.1632  0.5264   0.1278  
16       TN6        33,34                C,O                  2            36.0     -1.2146  0.4272   -0.2215 
17       TN6        35,36                C,O                  2            36.0     -1.3792  0.2351   -0.1556 
18       TN6        37,38                C,O                  2            36.0     -1.1826  0.0802   -0.2163 
19       SC4        39,40,41             C,C,C                2            54.0     -0.7357  0.2391   0.0088  
20       TC3        43,44                C,C                  2            36.0     -0.6057  0.0070   0.3051  
21       SN6        49,50,51             C,C,O                2            54.0     -0.2385  0.0047   0.0334  
22       TN6        54,55                C,O                  2            36.0     0.3348   -0.0660  -0.5643 
23       TN6        56,57                C,O                  2            36.0     0.2416   0.1601   -0.4660 
24       TN6        58,59                C,O                  2            36.0     0.4957   0.2458   -0.2019 
25       SN6        60,61,62             C,O,C                3            54.0     0.6358   0.2193   0.0167  
26       TN6        63,64                O,C                  3            36.0     0.8208   0.0748   0.0705  
27       TN4a       65,66                O,C                  2            36.0     0.9923   0.1498   -0.1124 
28       TN6        67,68                C,O                  2            36.0     1.1346   -0.0258  -0.1625 
29       TN6        69,70                C,O                  3            36.0     1.1283   -0.0583  0.0769  
30       SN4a       71,72,73             C,O,C                3            54.0     1.3579   0.0780   0.0793  
31       TN6        74,75                C,O                  2            36.0     1.5221   0.2614   0.1796  
32       TN6        76,77                C,O                  2            36.0     1.2920   0.2477   0.3000  
33       TN6        78,79                C,O                  2            36.0     1.3035   0.0312   0.3844  
34       TN6        80,81                C,O                  2            36.0     0.9217   -0.1384  0.1187  

Bead connections
--------------------------------------------------------------------------------
index    to_idx   bond    
0        1        1.0     
0        25       1.0     
1        2        1.0     
1        24       1.0     
2        3        1.0     
2        23       1.0     
3        4        1.0     
3        22       1.0     
4        5        1.0     
5        6        1.0     
5        7        1.0     
5        8        1.0     
5        21       1.0     
6        7        1.0     
8        9        2.0     
8        10       1.0     
8        21       1.0     
9        10       1.0     
10       11       1.0     
10       20       1.0     
11       12       1.0     
11       19       1.0     
11       20       1.0     
12       13       1.0     
13       14       1.0     
13       19       1.0     
14       15       1.0     
14       16       1.0     
14       18       1.0     
16       17       1.0     
17       18       1.0     
22       23       1.0     
24       25       1.0     
25       26       1.0     
26       27       1.0     
26       34       1.0     
27       28       1.0     
28       29       1.0     
29       30       1.0     
29       34       1.0     
30       31       1.0     
30       33       1.0     
31       32       1.0     
32       33       1.0     