Compound: TPCN05509
SMILES:   CC(=O)OCC1OC(OC2C(OC(C)=O)C(C)OC(OC(=O)C34CCC(C)(C)CC3C%10=CCC5C6(C)CCC(OC7OC(C(=O)O)C(O)C(OC8OCC(O)C(O)C8O)C7OC%12OC(CO)C(O)C(O)C%12O)C(C)(C=O)C6CCC5(C)C%10(C)CC4O)C2OC9OC(C)C(OC%11OCC(O)C(O)C%11O)C(O)C9O)C(O)C(O)C1OC(C)=O

All beads
--------------------------------------------------------------------------------
index    bead_type  atoms_idx            atoms_elem           #conns       mass     x        y        z       
0        N4a        0,1,2,3,4            C,C,O,O,C            1            72.0     -0.9735  -0.6409  -0.1784 
1        TN4a       5,6                  C,O                  3            36.0     -0.9542  -0.2686  -0.0986 
2        TN6        7,8                  C,O                  3            36.0     -0.9005  -0.2231  0.1620  
3        TC3        9,10                 C,C                  4            36.0     -0.7233  -0.1376  0.3155  
4        SN4a       11,12,13,14          O,C,C,O              1            54.0     -0.9543  0.1440   0.4012  
5        TC4        15,16                C,C                  2            36.0     -0.5103  0.0033   0.4638  
6        TN4a       17,18                O,C                  3            36.0     -0.4903  -0.1468  0.1820  
7        SN4a       19,20,21             O,C,O                2            54.0     -0.3650  -0.0730  -0.0050 
8        SC5        22,28,29             C,C,C                5            54.0     -0.1356  -0.0771  -0.1976 
9        TC3        23,24                C,C                  2            36.0     -0.2499  0.1902   -0.1219 
10       SC4        25,26,27             C,C,C                2            54.0     -0.1917  0.1424   -0.4039 
11       SC4        30,81,82             C,C,C                4            54.0     0.0449   -0.2102  0.0418  
12       TC3        31,32                C,C                  2            36.0     0.1959   0.1054   -0.1473 
13       SC4        33,79,80             C,C,C                4            54.0     0.3228   -0.1839  -0.0246 
14       SC4        34,35,76             C,C,C                4            54.0     0.4956   0.1617   0.0516  
15       TC3        36,37                C,C                  2            36.0     0.6690   0.0113   -0.1148 
16       TN6        38,39                C,O                  3            36.0     0.7994   -0.0883  0.0690  
17       SN4a       40,41,42             C,O,C                4            54.0     0.9758   -0.2646  -0.0375 
18       SP2        43,44,45             C,O,O                1            54.0     0.8027   -0.4137  -0.2160 
19       TN6        46,47                C,O                  2            36.0     1.1169   -0.2911  -0.3001 
20       TN6        48,49                C,O                  3            36.0     1.2218   -0.1892  -0.1350 
21       SN4a       50,51,52             C,O,C                3            54.0     1.4055   -0.3734  0.0164  
22       TN6        53,54                C,O                  2            36.0     1.5663   -0.3028  0.2286  
23       TN6        55,56                C,O                  2            36.0     1.5124   -0.0701  0.1106  
24       TN6        57,58                C,O                  2            36.0     1.5352   -0.1690  -0.0972 
25       TN6        59,60                C,O                  3            36.0     1.1050   -0.0347  -0.0547 
26       SN4a       61,62,63             C,O,C                4            54.0     1.1955   0.2205   -0.0653 
27       TP1        64,65                C,O                  1            36.0     1.0419   0.3570   -0.1952 
28       TN6        66,67                C,O                  2            36.0     1.3174   0.4425   0.0076  
29       TN6        68,69                C,O                  2            36.0     1.3867   0.3046   0.1873  
30       TN6        70,71                C,O                  2            36.0     1.2224   0.1491   0.2337  
31       TC4        72,73                C,C                  3            36.0     0.7490   0.1415   0.2205  
32       TN4a       74,75                C,O                  1            36.0     0.7262   -0.1018  0.3392  
33       TC3        77,78                C,C                  2            36.0     0.3781   -0.1101  0.2349  
34       SN6        83,84,85             C,C,O                2            54.0     -0.0724  0.0066   0.1868  
35       TN6        86,87                C,O                  3            36.0     -0.6686  -0.0508  0.0745  
36       TN4a       88,89                C,O                  3            36.0     -0.6752  0.0812   -0.0753 
37       TC4        90,91                C,C                  2            36.0     -0.9404  0.1504   -0.2327 
38       TN6        92,93                C,O                  3            36.0     -0.9355  0.2981   -0.0436 
39       SN4a       94,95,96             C,O,C                3            54.0     -1.1708  0.4552   -0.1109 
40       TN6        97,98                C,O                  2            36.0     -1.2734  0.7028   -0.1697 
41       TN6        99,100               C,O                  2            36.0     -1.1758  0.7242   0.0505  
42       TN6        101,102              C,O                  2            36.0     -0.9787  0.6348   0.0124  
43       TN6        103,104              C,O                  2            36.0     -0.7540  0.4061   0.0102  
44       TN6        105,106              C,O                  2            36.0     -0.5658  0.3027   -0.0085 
45       TN6        107,108              C,O                  2            36.0     -1.1278  -0.2799  0.2229  
46       SN6        109,110,111          C,O,C                3            54.0     -1.1928  -0.1665  -0.0210 
47       SN4a       112,113,114,115      O,C,C,O              1            54.0     -1.3846  -0.4900  -0.0933 

Bead connections
--------------------------------------------------------------------------------
index    to_idx   bond    
0        1        1.0     
1        2        1.0     
1        46       1.0     
2        3        1.0     
2        45       1.0     
3        4        1.0     
3        5        1.0     
3        35       1.0     
5        6        1.0     
6        7        1.0     
6        35       1.0     
7        8        1.0     
8        9        1.0     
8        10       1.0     
8        11       1.0     
8        34       1.0     
9        10       1.0     
11       12       2.0     
11       13       1.0     
11       34       1.0     
12       13       1.0     
13       14       1.0     
13       33       1.0     
14       15       1.0     
14       31       1.0     
14       33       1.0     
15       16       1.0     
16       17       1.0     
16       31       1.0     
17       18       1.0     
17       19       1.0     
17       25       1.0     
19       20       1.0     
20       21       1.0     
20       25       1.0     
21       22       1.0     
21       24       1.0     
22       23       1.0     
23       24       1.0     
25       26       1.0     
26       27       1.0     
26       28       1.0     
26       30       1.0     
28       29       1.0     
29       30       1.0     
31       32       1.0     
35       36       1.0     
36       37       1.0     
36       44       1.0     
37       38       1.0     
38       39       1.0     
38       43       1.0     
39       40       1.0     
39       42       1.0     
40       41       1.0     
41       42       1.0     
43       44       1.0     
45       46       1.0     
46       47       1.0     