Compound: TPCN04403
SMILES:   CC1OC(OC2C(C)OC(OC(=O)C34CCC(C)(C)CC3C8=CCC5C6(C)CCC(OC7OC(C(=O)O)C(O)C(O)C7OC%12OC(CO)C(O)C(O)C%12O)C(C)(C=O)C6CCC5(C)C8(C)CC4O)C(OC9OC(C)C(OC%10OCC(O)C(OC%11OC(CO)C(O)C(O)C%11O)C%10O)C(O)C9O)C2O)C(O)C(O)C1O

All beads
--------------------------------------------------------------------------------
index    bead_type  atoms_idx            atoms_elem           #conns       mass     x        y        z       
0        TC4        0,1                  C,C                  2            36.0     -0.4490  -1.0311  -0.0723 
1        TN4a       2,3                  O,C                  3            36.0     -0.4916  -0.7439  -0.0189 
2        TN6        4,5                  O,C                  3            36.0     -0.4688  -0.5358  -0.0673 
3        TC4        6,7                  C,C                  2            36.0     -0.4185  -0.5551  -0.3177 
4        TN4a       8,9                  O,C                  3            36.0     -0.3212  -0.2646  -0.2151 
5        SN4a       10,11,12             O,C,O                2            54.0     -0.1161  -0.3281  -0.2031 
6        SC5        13,19,20             C,C,C                5            54.0     0.0545   -0.3506  0.0543  
7        TC3        14,15                C,C                  2            36.0     -0.0410  -0.5966  -0.0494 
8        SC4        16,17,18             C,C,C                2            54.0     -0.0438  -0.5320  0.2397  
9        SC4        21,63,64             C,C,C                4            54.0     0.1394   -0.0727  -0.1624 
10       TC3        22,23                C,C                  2            36.0     0.2806   -0.0637  0.1274  
11       SC4        24,61,62             C,C,C                4            54.0     0.4330   -0.1570  -0.0998 
12       SC4        25,26,58             C,C,C                4            54.0     0.5527   0.1479   -0.0474 
13       TC3        27,28                C,C                  2            36.0     0.7061   -0.0245  0.0984  
14       TN6        29,30                C,O                  3            36.0     0.8761   0.1295   -0.0184 
15       SN4a       31,32,33             C,O,C                4            54.0     1.1720   0.1874   -0.0711 
16       SP2        34,35,36             C,O,O                1            54.0     1.3972   -0.0027  -0.2478 
17       TN6        37,38                C,O                  2            36.0     1.2458   -0.0779  0.0067  
18       TN6        39,40                C,O                  2            36.0     1.1758   0.0229   0.2157  
19       TN6        41,42                C,O                  3            36.0     1.1096   0.2451   0.1343  
20       SN4a       43,44,45             C,O,C                4            54.0     1.1442   0.4900   0.1873  
21       TP1        46,47                C,O                  1            36.0     1.1671   0.7791   0.2519  
22       TN6        48,49                C,O                  2            36.0     1.3599   0.5666   0.0180  
23       TN6        50,51                C,O                  2            36.0     1.4767   0.5363   0.2442  
24       TN6        52,53                C,O                  2            36.0     1.3690   0.3840   0.3527  
25       TC4        54,55                C,C                  3            36.0     0.7556   0.2575   -0.2187 
26       TN4a       56,57                C,O                  1            36.0     0.8663   0.0191   -0.3046 
27       TC3        59,60                C,C                  2            36.0     0.4776   0.0044   -0.3265 
28       SN6        65,66,67             C,C,O                2            54.0     0.2195   -0.3757  -0.2834 
29       TN6        68,69                C,O                  3            36.0     -0.4269  -0.2123  -0.0296 
30       TN4a       70,71                C,O                  3            36.0     -0.4900  -0.0391  0.0787  
31       TC4        72,73                C,C                  2            36.0     -0.4625  0.2620   0.1329  
32       TN6        74,75                C,O                  3            36.0     -0.6652  0.2469   0.0043  
33       SN4a       76,77,78             C,O,C                3            54.0     -0.8176  0.4213   -0.1512 
34       TN6        79,80                C,O                  2            36.0     -0.9953  0.5949   -0.1893 
35       TN6        81,82                C,O                  3            36.0     -1.0342  0.5558   0.0125  
36       SN4a       83,84,85             C,O,C                4            54.0     -1.2750  0.5828   0.1058  
37       TP1        86,87                C,O                  1            36.0     -1.3978  0.5415   0.3908  
38       TN6        88,89                C,O                  2            36.0     -1.5313  0.6947   0.1213  
39       TN6        90,91                C,O                  2            36.0     -1.3973  0.8961   0.1412  
40       TN6        92,93                C,O                  2            36.0     -1.1889  0.8506   0.0924  
41       TN6        94,95                C,O                  2            36.0     -0.8593  0.5370   0.1476  
42       TN6        96,97                C,O                  2            36.0     -0.7944  0.0756   -0.0288 
43       TN6        98,99                C,O                  2            36.0     -0.7401  -0.1023  0.0684  
44       TN6        100,101              C,O                  2            36.0     -0.6086  -0.3650  -0.0862 
45       TN6        102,103              C,O                  2            36.0     -0.6643  -0.7154  0.1626  
46       TN6        104,105              C,O                  2            36.0     -0.8181  -0.8335  0.0449  
47       TN6        106,107              C,O                  2            36.0     -0.6575  -1.0501  0.0612  

Bead connections
--------------------------------------------------------------------------------
index    to_idx   bond    
0        1        1.0     
0        47       1.0     
1        2        1.0     
1        45       1.0     
2        3        1.0     
2        44       1.0     
3        4        1.0     
4        5        1.0     
4        29       1.0     
5        6        1.0     
6        7        1.0     
6        8        1.0     
6        9        1.0     
6        28       1.0     
7        8        1.0     
9        10       2.0     
9        11       1.0     
9        28       1.0     
10       11       1.0     
11       12       1.0     
11       27       1.0     
12       13       1.0     
12       25       1.0     
12       27       1.0     
13       14       1.0     
14       15       1.0     
14       25       1.0     
15       16       1.0     
15       17       1.0     
15       19       1.0     
17       18       1.0     
18       19       1.0     
19       20       1.0     
20       21       1.0     
20       22       1.0     
20       24       1.0     
22       23       1.0     
23       24       1.0     
25       26       1.0     
29       30       1.0     
29       44       1.0     
30       31       1.0     
30       43       1.0     
31       32       1.0     
32       33       1.0     
32       42       1.0     
33       34       1.0     
33       41       1.0     
34       35       1.0     
35       36       1.0     
35       41       1.0     
36       37       1.0     
36       38       1.0     
36       40       1.0     
38       39       1.0     
39       40       1.0     
42       43       1.0     
45       46       1.0     
46       47       1.0     